4.413674403994993
2.5309007767782474
1.5318603252146512
1.5131946393287268
1.3346759700095727
1.269254218528646
1.142574196625014
1.1226128183174076
1.103086448392692
1.0690811298275547
1.068391484913354
1.0644970865594083
1.0635493192078194
1.0594137614830523
1.0554810011660467
1.0458299513057192
1.0405416993590282
1.027979039916302
1.024082002891602
1.0217294591282848
1.0184754632928446
1.0134000980328786
1.0092126663349499
1.0099588683285055
1.0065011429770392
1.001118123906019
0.9998993427004298
0.9985008095984736
0.9951465024543518
0.9893567979892391
0.9862959327379944
0.9848480498760874
0.9821811914879603
0.9798647510931358
0.9783484095550736
0.9766544225258013
0.9762974272556405
0.9758950605300262
0.9751884805239611
0.9727913870933387
0.9684850514139284
0.9672011172081305
0.9616201639511589
0.9615408853460512
0.961297789533004
0.960241321198114
0.9600901592791173
0.9579747524829593
0.9574672447008399
0.9554626307507479
0.9534559385607265
0.9526998084860505
0.951520376463097
0.9493147507999766
0.9484751431493036
0.9475306776572401
0.9473680550446765
0.9469213705386441
0.9465880380259817
0.94630205718651
0.9456766460462113
0.944659249756108
0.9430057901679894
0.9428628562443472
0.9426296369312643
0.9422697061264209
0.9416329615302026
0.9413399357734256
0.9411450124808465
0.9409730236780748
0.9406857038814295
0.9400805859079985
0.937867491149133
0.9353130100565445
0.9339314832073582
0.9330786443208811
0.9322534202093749
0.9313141730941433
0.9296473112995619
0.9279580153249415
0.926613938363954
0.9260434618290296
0.9248493560973574
0.9239611048560572
0.9233299654996692
0.9219526244415334
0.9198561473562696
0.9187182245527951
0.9182421298211701
0.9179291276998888
0.9173926516182912
0.9161670785698193
0.9151715420771251
0.9151592141856101
0.9149774172877405
0.9148903463910254
0.9141164953142085
0.9127675920936044
0.9121858309452141
0.910552016251675
