4.514933275677911
2.9219358989380915
1.45637426901719
1.4230838338589635
1.1816785053318821
1.1250687815572555
1.0456970902252865
1.0287363566400152
1.020089052684034
0.9823249010574704
0.9749415127863172
0.9716788508571292
0.9693868177120222
0.9635654658836782
0.953545754629266
0.9508648527738061
0.9466046991537412
0.944412755933132
0.9394892451852089
0.9351329336102077
0.9278892934826274
0.9263739253147898
0.92582320752051
0.923040265451746
0.9218608971955697
0.9197142195633731
0.9181268439352046
0.9195118175801099
0.9135388918006889
0.9118297863920075
0.9095599332700244
0.9095157724815304
0.906796416374565
0.9047702507086357
0.9044601722523405
0.9036499869115944
0.9032954460076733
0.9027766962685837
0.9021657830314236
0.900998188425257
0.9010021235462549
0.899671857062959
0.8993489218525791
0.8989987335571896
0.8982403845338557
0.8969198734096525
0.894175716432491
0.8940333009713815
0.8931816016442728
0.892679324136669
0.8913539079083526
0.8900072288193246
0.8889910997940085
0.8883589592980418
0.8885417868352234
0.8882836295207313
0.8858820121535632
0.8839551940478443
0.8834206988058757
0.883575845750454
0.8829380119512398
0.8824427173977636
0.8823977376431652
0.8822427073355629
0.8818933291664607
0.8812378864527205
0.881101241873019
0.880058733636821
0.879782607401113
0.8794297803407919
0.8784285149636344
0.8792997034092084
0.8777099631360967
0.8775344026824339
0.8772978636733895
0.8774132943923534
0.8774846216949872
0.8772182901979014
0.8779147469841696
0.8762645545446678
0.875561874463126
0.8754096300114317
0.8752014319317905
0.8745013883199274
0.8738811212553272
0.8736230518845315
0.8743012434753173
0.8736168727085075
0.8730288234788022
0.8727338668452365
0.8724407460358834
0.8719493136354404
0.8720517606419201
0.8719507317337137
0.8724955379123096
0.8726911730994447
0.8717162330255079
0.8713957276291675
0.8710839366629696
0.8709867225827053
