4.525142228866446
2.911517274240351
1.4824080548729552
1.4497252422178735
1.2032349286639403
1.13534757831102
1.0428701292909208
1.0284058870713344
1.0210033702416357
0.9822239552834879
0.9739502061181969
0.967524509616983
0.9614037740164302
0.9515785176554173
0.946390152058012
0.9446125889692127
0.9424082597540225
0.9356865983222082
0.935060910095061
0.9283614499126529
0.9227955268877441
0.9199757073113592
0.9197214069093983
0.9191627769233642
0.9192226465960222
0.9148075929098686
0.9094078382177855
0.9063267949697968
0.9055279110640341
0.9044307128285939
0.9039115275475884
0.9012390233745909
0.8985335982819972
0.8975253378945355
0.8984274290995656
0.8973113839787391
0.8969315712877802
0.896140482363729
0.8951361750562072
0.8934306998345881
0.8931349074719168
0.8921072360955202
0.8922552383547299
0.890754486349859
0.8901497271502814
0.8894279467398551
0.8883091466685182
0.8894918241434476
0.8877082928617377
0.8870307769298484
0.8861552167780224
0.8861110860086341
0.8858409441761599
0.8855566239632027
0.8847167714033584
0.8842286492361316
0.883451002840659
0.8831476258089751
0.8821237800573113
0.88207985249809
0.8820750800265522
0.8816393064786774
0.8814608460015328
0.8812809199183603
0.8809907525451556
0.8819091898039695
0.8804205967182415
0.8793457521856626
0.8793242136192346
0.8792979211705202
0.8791375566580728
0.8789649251486434
0.8788418129552403
0.8784964537275284
0.8780491046040185
0.8779008257548181
0.8776231462794596
0.8771849847455461
0.8768837797340282
0.8766654764516695
0.8758414763977707
0.8758714135537959
0.8756313969822174
0.8752584456340378
0.8750423803058388
0.8744314616906873
0.8734900690726124
0.8730427753606109
0.8727353038943229
0.8721181369422228
0.8718974633021549
0.8716517798693365
0.8709699529667674
0.8701480366051569
0.8697585493749147
0.869476573490732
0.8693750062383806
0.8691375199788284
0.8687998560210506
0.8691952142488681
