4.448965223925141
2.526043306955848
1.4584383825786458
1.4391151990310158
1.2661250640288342
1.2105307772285565
1.1045281970347447
1.0843081589263455
1.0639585581712998
1.0353185141411236
1.0321034741897621
1.029401280781864
1.0271316117372682
1.0245031559975952
1.0191757553368572
1.010803257398795
0.996791756040749
0.9964477908686159
0.9937055965178825
0.9877944374481515
0.98229264333139
0.9744081990958775
0.9700469734972847
0.9719077810244477
0.9668487426506222
0.9650691650810125
0.9597774742757484
0.958034395755142
0.9542671026709574
0.9517698978377859
0.9519652342621047
0.9505821696088426
0.950140344256047
0.9495614570906302
0.9483500242096816
0.946330208790503
0.9423696323336413
0.9396986506516006
0.9382116669681017
0.9376218886801445
0.9369143932401481
0.9353429308243443
0.9331904944237428
0.9297751592685768
0.929571832465053
0.9282358211330006
0.9272308254644339
0.9268180873150343
0.9252109844672242
0.9239935048531858
0.9228034001949117
0.9229463804316784
0.9200779930630281
0.9196687238293986
0.9193392390309171
0.9188179338578839
0.9175670978898143
0.9163336355999607
0.9147418435346142
0.9141863642892875
0.9127293445310741
0.9126414149483634
0.9124802841341784
0.9119138662580024
0.9110185973766454
0.9090773389341934
0.9072577395385776
0.9077245468330751
0.9046883899944057
0.9041484636845533
0.9020715929908183
0.8992023684262229
0.8995112079591348
0.8977076158374974
0.8958490853297593
0.8956100990212424
0.8953990121312844
0.8947735528394151
0.8941182768939856
0.8939081853532442
0.8931783769109017
0.8923945055473735
0.8921164246671878
0.8918599488951947
0.8915112089913684
0.8902452291135018
0.8887441571840211
0.8880102275049323
0.8875804919949719
0.8868624965558057
0.8846022211262237
0.8840116505873279
0.8815908814733073
0.8809386340010622
0.8804560217333213
0.8801361583293559
0.8797291367387716
0.8786714472831311
0.878433345200237
0.8781427309701731
