4.444959812702883
2.481873672307299
1.4260203193828278
1.407322308847847
1.2510505257571982
1.2059727850287898
1.1065202118377289
1.086567876165822
1.0684692627020922
1.0348504521685358
1.0283915575623865
1.020430223338202
1.0148179361322964
0.9981620387613447
0.9920724239419372
0.9864202460289516
0.983941740644473
0.9794228822121221
0.9723838192075536
0.9663336206567835
0.9617042132809736
0.9615572564856554
0.9578614046395062
0.956455540456885
0.9525186655344012
0.9501342345686249
0.9462278559163654
0.9441391749072364
0.9432380842928956
0.9417098431110206
0.9395012458364334
0.9368647708323388
0.9356498902812126
0.9346938300075117
0.9339261834700497
0.9329968987638928
0.9324367676179837
0.9314146253616717
0.9300303247463318
0.9284324408753019
0.9276152541473192
0.9266719562335682
0.9254262767964553
0.9245587089243371
0.9224236998039425
0.9212840599491918
0.9183172604572332
0.9178270317169045
0.9166014734668103
0.9159544885841446
0.9155915087260029
0.9144881840290615
0.9137157662551784
0.9125736446612884
0.911175973409719
0.9105342391276967
0.909665620746787
0.907179680031931
0.9064168443593194
0.905518398485244
0.9044067728808869
0.9040860259482755
0.9028597810390447
0.9015664487090149
0.8988164069436425
0.8951165224599766
0.8945145640648039
0.8941783389241466
0.8941161981560463
0.8938538586261559
0.8930114943825429
0.8912429754423254
0.8898756838381496
0.8874661104072284
0.8864955140583392
0.8855916734545295
0.8840361335492408
0.8826405449311736
0.8816604498386187
0.8812538011937474
0.8810687343948717
0.8806763452589927
0.8803765785390324
0.8794297249640949
0.8771947088500168
0.8758547131181226
0.8750600426780291
0.8738033026473278
0.8730100101803061
0.8725979755167116
0.8714735631866076
0.8695120605679186
0.8689221130871613
0.8686994489907968
0.8682237858402098
0.8672217050800872
0.8659433293101632
0.8645605469993557
0.8637394414025937
0.8634809750377046
