5.0
3.4162030016934084
1.4512679068783287
1.4079963644092524
1.0044238402608447
0.8564482408756675
0.594083847012471
0.5114986659802164
0.4606476418268197
0.5408033962088713
0.5293856077988887
0.5646326257741977
0.5940389271635561
0.6173784306906909
0.6442077308721181
0.668826277475869
0.7378269413692811
0.6974071420869399
0.6984457360501517
0.659340361266278
0.6296372722419759
0.5625212080662408
0.5446515163284191
0.590218268893032
0.567193927272861
0.5679496200980049
0.5733548811010077
0.6052421518628409
0.5666032955824202
0.5462553222750998
0.48801683085551195
0.5057285739426587
0.5123132840102493
0.516017508864219
0.5128357556404862
0.49921962255958174
0.45367660840182045
0.42834925988482947
0.38262129719543025
0.40172360655245326
0.41171460689520223
0.42029937918748567
0.4188744467905403
0.4501626348309823
0.46938380496592236
0.45301035721430877
0.46298017843624795
0.4762330221803973
0.49287653240722584
0.5046282908877018
0.5354041482945204
0.49498297171014277
0.5170073707858006
0.5160381359855112
0.5064714573072546
0.46239755895155094
0.46226560771591463
0.4584691969934062
0.45560501815128507
0.42681245419261327
0.4410711292035875
0.4514954338154644
0.45850536068268044
0.4535924691239744
0.45643429580265693
0.46333031912940725
0.43176438430080655
0.43908650385365255
0.4437616973001322
0.45144626724519515
0.4541251945170494
0.4708900234333447
0.5013749236585223
0.4896474579056908
0.4876848109562133
0.49223357313096094
0.5053352570996498
0.5450162295181439
0.5592978262621869
0.5571603744745175
0.5434537384186728
0.557616970316537
0.5622093546471112
0.574801199171177
0.5843397189130882
0.59889389897051
0.5904985601164507
0.5808578096573486
0.5714769429982827
0.5639446402566479
0.5516755709843394
0.5423123024126151
0.5704371362279687
0.5639879727623641
0.5637529574423692
0.5647939456034999
0.5712128017331016
0.5616987706214415
0.5922107315963673
0.5914067891033989
