4.507629935183667
2.7983504607284515
1.4726095535164474
1.4436102696518944
1.2212565146650407
1.157808211885596
1.0582446141997832
1.0412270273879822
1.0306950989783377
0.9936791266247205
0.9879242808830954
0.9848812087730179
0.9820120255747298
0.9768798977840699
0.9696528495956622
0.9659795267449017
0.9583195732650321
0.9558152022374724
0.9516427867489434
0.9423820361177193
0.9366959875171159
0.9323568916601733
0.9317972600520059
0.9288175951303715
0.9282871399590138
0.9272285156316061
0.9246472595328316
0.9182429315882732
0.9166025746333423
0.9158252489914747
0.9131070991247097
0.9117186620252641
0.9106653061933815
0.9076939966460104
0.9073731040994052
0.9069177691651592
0.9060425620020802
0.9055070718199628
0.9049597390758591
0.9038101168811558
0.9022570631793683
0.9020954691735769
0.9003197043642763
0.8995548951483363
0.8991848098045762
0.8986830713721179
0.8974408599696415
0.8961663124448427
0.8950069093844932
0.8959106426347908
0.8939695159043136
0.8936674865929357
0.8925491268173288
0.8916980416441916
0.8920979107218697
0.8907865080424268
0.8901594193362569
0.8893325215320181
0.8883876448950079
0.8884167974192866
0.8875304001748701
0.8871603312981146
0.8868278144566274
0.8860993799067783
0.8858800918756842
0.8859900464765825
0.8848990686666768
0.884628333594968
0.88430736168485
0.8832902322543961
0.8826642181083322
0.8814307627131329
0.8802301408900741
0.8796269097265897
0.8794611499714531
0.8784687359347438
0.8775763826201954
0.8769887545881065
0.8770977849411817
0.8768060517566012
0.8767283068932129
0.8766187906681296
0.8763402762328365
0.8760404246257087
0.875224557805036
0.8748186570220571
0.8743505885930271
0.8741524206750797
0.8739954131395887
0.8733998411388467
0.8726157201605845
0.8716631343518457
0.8709117225105242
0.870602347947909
0.8702556636105647
0.8696990657066509
0.8693007571852059
0.8687153726995632
0.8684682859438182
0.8684684407330795
