4.512459237995747
2.926754365207266
1.4502790633983795
1.4166964949412706
1.1754102995720848
1.1227459791430707
1.0476875687669644
1.0301448014392278
1.0212401995593052
0.9840119110710268
0.9777238738842611
0.9752462265029174
0.9733118541019968
0.9710711481726754
0.9662941463211814
0.9584255895792233
0.951191739144956
0.9482899455677378
0.943953126841863
0.9415288432991941
0.9380411580630215
0.9359246945627084
0.9296457709092076
0.9275696164635527
0.9235003250473673
0.9219412738481259
0.9210536105543525
0.9185824125585458
0.9168455266304308
0.9145827702962824
0.9123706111117296
0.9121640076506597
0.9111704102017777
0.9101105787322645
0.9090963859652915
0.9075541236304481
0.905609503930883
0.9047214993110514
0.9040638207323312
0.9034716470757687
0.9024081221589255
0.9011913904646294
0.9007317307947543
0.9000005111717164
0.8995302917761553
0.8991662171185542
0.8979822518473171
0.8972399217041956
0.8959418868239365
0.8977712965414893
0.8948641413976374
0.8941963463071834
0.8936455962343235
0.8923299136609892
0.8918042231851395
0.8909575024168709
0.8904972209453457
0.8907417247422225
0.8899255491277639
0.889282308126641
0.8886545709252144
0.8880392123120514
0.8878117882752555
0.8874120795146717
0.8867861353517946
0.8864529433239404
0.8856798992460615
0.8856845421918342
0.8845404749523228
0.8843215640535004
0.8836802349657774
0.883459008765654
0.8834395621566463
0.883615284659028
0.8826713050180244
0.8828147356436729
0.8827221608080622
0.8823757783596491
0.8817589327813504
0.8809414368893063
0.8809902418164766
0.8803714438981818
0.8800623791919305
0.8794849866930211
0.8792923318077855
0.8786480231343888
0.8781701574681523
0.8777838698339171
0.8778646679024228
0.8777810462043544
0.8776470820539708
0.8771938263079196
0.8768420524736887
0.8764841458410154
0.8761551650945081
0.8757469711273075
0.8753805323434041
0.8744614795607304
0.874051225161303
0.8739125190357635
