4.439582461360362
2.4980369409928755
1.4613681757621477
1.4418329850292884
1.2684255439748209
1.216965359150299
1.11203230161192
1.0914904367251663
1.0721045192124548
1.0403985733521117
1.0353625706372023
1.0310953456885188
1.0274758413381408
1.0202732452059904
1.0100999602235776
0.9998187208878551
0.9966620723109573
0.9937721777459264
0.9833048199216461
0.9790218075052617
0.9762042185358613
0.9710919322436913
0.9642878769965584
0.9646903661143299
0.9588840972167637
0.957950317959708
0.9567756417874489
0.9538165286425706
0.9510980422369233
0.9483529874279091
0.9461358076039152
0.9437788493488526
0.9424754082254173
0.9404755046120679
0.9398254326904044
0.9378242319961442
0.9329968031272005
0.932890677162796
0.929854494261945
0.9277838928104553
0.9266538265072669
0.9253606723244135
0.9240822732924819
0.9226204175699589
0.9221200991715989
0.9201857001166076
0.9196522491032351
0.9170025454932663
0.9140849530392364
0.9129061821171726
0.9113860560798632
0.9110443289624953
0.9101311503197006
0.9080516959196131
0.9064297881636015
0.9051491695869731
0.9038169260772893
0.9028123118124767
0.9016859068422649
0.9008830831972549
0.8992324155448747
0.8972091690915281
0.895516795485387
0.8943665344596158
0.8940610847849467
0.8932729281083738
0.8922882754100224
0.8913473691635722
0.8894087442374091
0.889228598087682
0.8875631269818728
0.8870353243659002
0.886260852499354
0.8859052794613773
0.8848893876511869
0.8841263666724244
0.8842414436700443
0.8836770031739409
0.8831234224398063
0.8821587975030198
0.8814291261212095
0.880274708597415
0.8804402828519677
0.8794458667410184
0.8794487780459679
0.8793704461878217
0.8787832879213977
0.8777487003662324
0.8762738986248418
0.8751844987900618
0.8740971971621134
0.8736175858184038
0.8724661524903508
0.8704322959478222
0.8684758517293399
0.8675005308825127
0.8672846445399512
0.8672619179403154
0.8651099459050965
0.8637848185561449
