4.524992663982071
2.92136305853411
1.4735359986251382
1.4399443513931192
1.190505014205633
1.1278760573080797
1.041758758155063
1.0267117283840173
1.0192414607135132
0.9842032132301897
0.9754909138803035
0.9714813626571245
0.9663379864976631
0.9553078434857534
0.9527514342860072
0.9490527438300834
0.9414444903451233
0.9395316329687693
0.9361828425790536
0.9329121696518335
0.9282477707026691
0.9248396488396669
0.9199757645709821
0.9171360544599115
0.9166548913545862
0.9159698543730408
0.9151079417619743
0.9138501628039506
0.9127493268116167
0.9113539468501747
0.9088512536602167
0.9094714186372213
0.9076508273453403
0.9063455175350122
0.9050535212716899
0.9052365661593186
0.9020915876193567
0.9009907595452818
0.8999998273001134
0.8987229834382116
0.8981340457254068
0.8973883887457227
0.8967868901757967
0.8955655826972564
0.8956433223929859
0.8938953225861471
0.8936222818334983
0.8923109093514187
0.8915501568390904
0.8912930232849328
0.8909096542878788
0.8897924824847899
0.8899732549849155
0.889230903034507
0.8887318013135543
0.8880725073351616
0.8876796992219901
0.8885682979021261
0.8869803211689051
0.8877633284687955
0.8860993264168512
0.885752725231676
0.8853205661706297
0.8842446005130346
0.8832442095832687
0.8830924661191514
0.8822428936400332
0.88186596984493
0.8817345375896142
0.8810959107424299
0.8809429032104945
0.8808078730065116
0.8805010819234976
0.8796799409867544
0.8793215017297229
0.8787661645408587
0.878321578182991
0.8782218232986427
0.8781728868186045
0.878088221024449
0.8781047490115298
0.8779768651214407
0.8778620670735281
0.8776748902922655
0.8775375160642314
0.8772415674495699
0.8764397779941004
0.8761815404921199
0.8761104897140245
0.8760637457174396
0.8761252564108056
0.8759220251540285
0.8757241311963859
0.8753303043417751
0.8751004017535011
0.8750554232466111
0.8747110288143586
0.874798386962722
0.8743721528551496
0.8742009002525701
