4.514933275677911
1.4259950810819544
1.3456770114813348
1.21075197897564
1.1670493354476121
1.1403487109651222
1.1552480184881195
1.2012896001646907
1.1659630766611093
1.174287341172288
1.1821501574127116
1.2227066651015577
1.199567582269234
1.2029328358616838
1.195898883897684
1.2149033780984815
1.2103280649034718
1.205023484831402
1.202836197326286
1.2060457613352198
1.1964309428232252
1.200570394714573
1.2003315205204526
1.1957618215823111
1.1918977153916077
1.1841009149349473
1.1756870046633932
1.172375988151328
1.1663890613840153
1.1583946370144445
1.1486850236918864
1.1490156500550328
1.1488010483419258
1.1472190916568725
1.143249837699956
1.135439636023719
1.115489903189604
1.1116378207034983
1.0932086642566152
1.0838578012621256
1.074312332002223
1.0736851098950462
1.0804430692755562
1.0803575001854446
1.082355490793782
1.0842240207483855
1.077727846372342
1.0630276989631875
1.031299241717855
1.037179000036996
1.0383938772355414
1.0366829625473728
1.034125321944549
1.036562569042984
1.0345672406457318
1.0310980937982779
1.0313766157748445
1.0313861766306784
1.0333106416650004
1.027458369537444
1.0361782737592482
1.03134060308582
1.030499261335973
1.032250243470429
1.0365937323139967
1.0399858745371569
1.0423516648557904
1.038733789057152
1.0369431550462485
1.0343035226180266
1.038233708913149
1.0335251340960512
1.0340861285378242
1.0335623844669148
1.0305658020837463
1.0327807235282045
1.0337422151632911
1.0342294615981567
1.0342847864886058
1.0328395285056808
1.0272759091304036
1.0211587828950845
1.0254730435234416
1.025370511587641
1.0248025229660171
1.0223328248569645
1.022350916980849
1.0271942825597284
1.0276461480427201
1.018174556003522
1.020869324476569
1.0211714230382145
1.0207730842397336
1.0205928690965334
1.0195731640857473
1.0189869381144834
1.0180642793670758
1.0186422674226803
1.016750100418852
1.0163866289015815
