4.413674403994993
1.5840200814829208
1.9919743144945987
1.7504664718406893
1.4754937872583036
1.5540529105019671
1.4499443100183975
1.4704559966244695
1.4988369363691847
1.4486883402668633
1.400717482534998
1.3572879303130414
1.3388185394083287
1.331385474213388
1.3191032105646023
1.3164588813382962
1.3360500734388476
1.3586266858680558
1.3474337935127838
1.3579432214155405
1.362894685308237
1.3639755225339787
1.3671943771208055
1.350711672713981
1.349255863747339
1.3452750529775384
1.3425204526373191
1.3412094180238407
1.3342365872360247
1.3286231600725456
1.3137474864392387
1.3100750493955484
1.2892952539542906
1.2680843063140015
1.2426231858531234
1.2315307122409291
1.2340972108352968
1.2350673027479515
1.2369668173253674
1.2343118545361398
1.2306842054302336
1.2254976949202578
1.2206286492331362
1.21426230881248
1.2020642345055657
1.2049914520385983
1.2089697178901606
1.2100658683840602
1.2144259301279592
1.211374387710094
1.2031147688321056
1.1985429014257882
1.1924978414408602
1.1893577791715602
1.1807383468337795
1.1826156084467998
1.1862446466081826
1.1856511278935262
1.1778764337654413
1.170473941745971
1.1603842920535368
1.1574957034244346
1.14589814607493
1.1359526188281426
1.1373479347211153
1.1242384771016234
1.1189156284421937
1.1192302994644099
1.1145049865890464
1.1158061874851786
1.1174034142763416
1.1170971193116654
1.116613879229546
1.1142300457925938
1.1186142725940518
1.1176400539855977
1.114446058222607
1.1127454836887687
1.1064818409673813
1.1050904373712223
1.103887641474262
1.1040357350739984
1.1044566754265799
1.1047467117597873
1.0991767023856451
1.105684647693045
1.102657855804593
1.1029319275604113
1.1010563710490817
1.1080090099330093
1.1088815290233358
1.1030257967962156
1.1046646052870714
1.1040636793074041
1.1039098165852155
1.1070974490932202
1.1071929926313135
1.1092188457149368
1.1113476950858439
1.1133633605937003
