4.448965223925141
1.5659594011283406
1.7919905270277372
1.6702812316245255
1.5218538715142649
1.3923109846880937
1.3482899900895855
1.3056420955427466
1.2936767478748514
1.2535741483286744
1.2699414751022913
1.3004318489099973
1.290205889567791
1.2896001425215833
1.2981258339332737
1.2915837243224322
1.297934741960614
1.3157926519173944
1.2954982847158165
1.2987418028089976
1.3020501031138207
1.2981188213322796
1.2932062830012951
1.28956539252455
1.2862079674347306
1.2748744653316182
1.2769734621432838
1.2806817197028804
1.282523379426831
1.2837500705267648
1.2818762599340856
1.2579026542802587
1.2557557065633866
1.2459953965698534
1.2356889803738258
1.2182881772568122
1.1793439253975433
1.1942920720982668
1.1767978041714904
1.1882817307770028
1.1891370196406181
1.190407226558025
1.182901478621085
1.1700708141947598
1.1657641994121726
1.1568167336356516
1.1569359912403987
1.156665910308598
1.1540858606097646
1.1440958183198033
1.1344676134222729
1.136216310689223
1.1253830576779678
1.1154436343438574
1.1061676485843215
1.103869292146571
1.1047246194155937
1.1111456340038515
1.1181235989078482
1.119212285001535
1.1151284917070514
1.1156745453702595
1.1186550255937204
1.116383269303433
1.1151616206493142
1.11622086778978
1.1178405027506753
1.1106287350950024
1.1094220583692669
1.108235366212713
1.1085406454076656
1.106178937796546
1.108274553576246
1.0929332231460103
1.1069287917748756
1.106469137849603
1.1007468132842246
1.0970249950592268
1.091967088726146
1.0864394505822856
1.0919757957612803
1.0826014676505222
1.0830965918869064
1.0816104713156791
1.0825309105374252
1.0775372503623468
1.0739936943174289
1.0753671365092243
1.0714690078517943
1.0679137197282638
1.068333645387097
1.0692542282676485
1.0692612502833763
1.0751746286500652
1.0718779994407164
1.0701025523103227
1.0695341907665734
1.070099394609942
1.0723858164415736
1.071241879517478
