4.524992663982071
1.4270386926754617
1.3582845927755836
1.1746652278672454
1.1402321337312076
1.154114657129618
1.1486023056890213
1.1383903374441249
1.1600807499151324
1.1789499658813256
1.1888903699298334
1.1587032611247272
1.1797703019119483
1.1831932907578355
1.1855802856136788
1.1850921098205311
1.1867981246144244
1.2032434456968455
1.1967295417889536
1.195991744858374
1.1915069986414246
1.1866854903296975
1.1833518394561138
1.1754885947860017
1.1775092458662395
1.1762105771273517
1.1731692751864728
1.1739957969578716
1.1675257677009363
1.163494785164611
1.1612033724953195
1.1506327468628705
1.1504999458486511
1.1497220048948318
1.1450335848419366
1.1326133833365069
1.1142648126444439
1.1144615999483998
1.1088928904731008
1.09309824220873
1.0904059979236176
1.076882275052483
1.0762452873963446
1.0779245983432075
1.0788214483801395
1.0822160167063626
1.078954433662244
1.0752713942041439
1.0732020075086173
1.069369594000745
1.0608044168642157
1.055809488823595
1.0336441520906894
1.0350655759279006
1.0330882340442058
1.028737720715831
1.0245598088165395
1.0234851648097807
1.0208407221502687
1.015683753557381
1.0137236996549726
1.0130150356627632
1.0154157611334358
1.0224981784558935
1.0202949486934298
1.0226227494057945
1.0237727650687654
1.0251773495317609
1.0268555923378893
1.025972585870816
1.031284553750599
1.0231909119468432
1.0221757902398008
1.0150561396373128
1.0120400340402425
1.0092095925060944
1.0075798968776677
1.0064217246604796
1.0052250792396664
1.0050608710779825
1.0038461868046156
1.012016431253132
1.0099594906306777
1.009426556930376
1.0119188748279184
1.013687796238964
1.0144284978512266
1.0164135335159101
1.0132760472093654
1.011622336530292
1.0104388319952502
1.0067340570808887
1.0062250483722441
1.0080141934250275
1.007536418678932
1.0093898047928875
1.0101908957183128
1.0082877564812194
1.0099279193116046
1.0096231686050745
