5.0
1.3453227427876864
0.9313221496689461
0.9209191258476026
0.8106019951268952
0.37949074410197403
0.23017311558720413
0.22652678371177237
0.18538272097922756
0.1773044690011182
0.15896099593153706
0.1491876702783175
0.16927112359300395
0.1694285976375308
0.16696328822589143
0.1572441855172395
0.13097454358571212
0.054202178364186004
0.09928421907031959
0.08086814598607671
0.0847993854171175
0.08525936372103422
0.08515567288699079
0.09771850022293217
0.12702215153251106
0.12590521006728222
0.12399502636089899
0.12572631888734154
0.15301765423679972
0.16319633008800968
0.22339886529805134
0.22506642253127276
0.21238955886494806
0.2292456103649856
0.2367775403586044
0.24205797152656444
0.2508447910632004
0.26069083399507176
0.2541786919567375
0.23298425203145545
0.22470164339935317
0.2138759149188231
0.2121173965450681
0.21763260517024657
0.21883627737844075
0.22916607265900485
0.22938657124280032
0.2285609915374094
0.21337396711611908
0.21426476934026395
0.2039244423511232
0.20392892581744268
0.18336079037686567
0.17762771358856935
0.16496246825660046
0.15163771269094364
0.13099218968058052
0.12353606851212447
0.11257662291446538
0.1159187828968287
0.11679480632640238
0.11432515641071951
0.11734083423024647
0.10603428121079778
0.09603333839967478
0.09509311826922623
0.09627380808952934
0.10000309807543083
0.10770310251068864
0.09986872230862812
0.08940428452314461
0.09294464309745465
0.08530959780594381
0.08344828296854778
0.0786359492433832
0.07551878070948367
0.07420178187452593
0.07080958976930227
0.06333235901082634
0.07421788458332941
0.06719755507400593
0.060749826067634446
0.05849146779125347
0.05636327728479521
0.06035695154363712
0.06733227566236608
0.06952350270542956
0.07740471506794566
0.07741351387661884
0.07589550515253514
0.07003403181477426
0.06748377267750655
0.06844780385832934
0.06728861312709128
0.062378348695706326
0.06363182618939384
0.0647727395958938
0.06545899461071746
0.0665180922806936
0.06902014160975879
