4.439582461360362
1.6165780402765566
1.7234618473669703
1.6653457625280286
1.6988653693666422
1.4163143877807078
1.4005777761562141
1.3249616425342177
1.3258769380728674
1.3182877303396987
1.3174629913905433
1.3151124944987753
1.3143297882308629
1.3187767355326392
1.3100100532347707
1.2986373282345496
1.2964854416646463
1.2998019511263432
1.3035216306796855
1.3026985980698285
1.3065997942430472
1.2985240981032513
1.2952517552450014
1.2844385165873518
1.2770768662425318
1.2727268457181264
1.2635548572089341
1.2479029465207319
1.2231569082804334
1.2360258691511659
1.23337170796019
1.2330104489778115
1.2282097929867541
1.2161356457540586
1.2097284142938636
1.1924444310842135
1.1924114631403129
1.191287137684848
1.1818043200834938
1.1653717922229336
1.146116708774859
1.1410515772418424
1.1397569815964073
1.1402922517690304
1.1407984569569622
1.1353407045258497
1.1382146763276335
1.1265638471227595
1.1255483198701945
1.1080044816746444
1.0983179696757652
1.0898700001558965
1.0821527040721934
1.0850193628035576
1.0762381621726682
1.079009339376885
1.0813336779781695
1.0689282879631343
1.0701369256465252
1.0686333523291667
1.0669128803954167
1.0508998196898498
1.0569592515775927
1.0572277512529304
1.073264428922959
1.060121698128365
1.0606155211100963
1.064655406060339
1.0645914898898612
1.0677260500157597
1.0702590581205051
1.071617667609748
1.0731068458617463
1.0686242011499096
1.0696944496610645
1.0665320685574828
1.0665320685574828
1.071042597307971
1.0684512612868966
1.0667796273864742
1.068100423391238
1.0689439780201049
1.0700175588026675
1.0718278052359418
1.0724765932703637
1.0709073524340045
1.0719309957858625
1.0681695279207504
1.0664241988541887
1.0647712944107295
1.0659014769195472
1.0678066545293454
1.0690689998534948
1.0701710267013325
1.071171845714096
1.0726459730756794
1.0717559040737303
1.0710659628599362
1.0709630255430225
1.0712915822146272
