4.512459237995747
1.43616505430168
1.3494751216170855
1.2594890145901072
1.1674996103929622
1.1574027261742965
1.1837894680481442
1.2299188323666597
1.1978081785377996
1.1797972469446454
1.1902049064866562
1.1949018357901362
1.1952480523889752
1.1947047034422726
1.2048186874308804
1.2065207833427463
1.1990664276618077
1.2051488454508699
1.2077021349384465
1.2157649436105216
1.2129329830614557
1.2102653870770492
1.2092129325407306
1.2039468764023045
1.1949702090648304
1.1927806159267629
1.189817525211138
1.1786741575334507
1.1824364821584428
1.1816583057280259
1.1773019811657617
1.1778390357982333
1.1642483379391189
1.1579134660526624
1.1521975052740872
1.1462090242142096
1.1345647973141906
1.098590033796146
1.1118794676980996
1.1029456212309368
1.1007060283393562
1.0961839945536653
1.0916473685345853
1.0775743792325474
1.0700982235675711
1.071410617323994
1.0721232831769716
1.0597555209612874
1.064388767488321
1.0706737405146094
1.0689735205013926
1.0646307114632125
1.0539737411467287
1.0457908577838895
1.049953636999041
1.05231290075268
1.0538140040827653
1.0511246130095007
1.0493953978687667
1.0515151989926295
1.0449171623109774
1.0415524273601757
1.0371587895959304
1.0369966426164785
1.036935229025374
1.0357352467197714
1.0378839015164265
1.036686303118903
1.0275583959908723
1.0263502627831027
1.0248765651695633
1.0199609200270203
1.0135957321511215
1.0193579008638496
1.0149967363739656
1.0126192532250748
1.0122338276608218
1.0111516500166498
1.0111930540097034
1.0097105249144254
1.0083851896657603
1.0059223741048442
1.0069739257915287
1.0044900979876332
1.0048610227235144
1.0030382399158517
1.0072350761988291
1.0077706469284649
1.009667435619439
1.0096326274000431
1.008588120873171
1.0077615574581384
1.0083927835447988
1.0022265020690864
1.011688009023934
1.0080850195420612
1.0081638718791417
1.0086532058979045
1.0098818438563584
1.0108288463286992
