4.444959812702883
1.6168617598590718
1.6357896374557037
1.5593997758994174
1.521762842582678
1.4621570916218714
1.4235044587536954
1.4020498716272178
1.366082442596455
1.306307239812949
1.2940576844168985
1.2768878689609828
1.2881480622508823
1.2764108879584557
1.2991544952336023
1.2807815033065941
1.2786257922346054
1.2826992376445772
1.2956492587408093
1.2788550817383249
1.285970583677603
1.2841056220487101
1.280418152774591
1.2743422149617019
1.2719953669528616
1.273361650753138
1.2715746914219876
1.2596387159367468
1.2618420442657476
1.257538181782921
1.2542194193952925
1.2239718170506753
1.2245115035748182
1.220917917007009
1.2139112901368456
1.2085759332116204
1.1969234248935228
1.1961094813837774
1.1769921647740798
1.1862996094886475
1.1803445325414321
1.1685599238611355
1.1660350920281626
1.1646995402898488
1.1580104609765811
1.1526688208368185
1.1380967777980175
1.1284140447580158
1.1289216924458376
1.1141136927115107
1.121447285033208
1.1133710335549314
1.114893671998766
1.115909981359761
1.1155587075465396
1.1114882235252075
1.1160400211194377
1.0993066841518293
1.0989100506212468
1.094457188057736
1.0905108012444342
1.080661012928489
1.0772642056806718
1.0726745661672044
1.070163085772549
1.0680165584265664
1.0701490665398987
1.072670828840022
1.0740172250209097
1.0734307716699714
1.0754934660629887
1.0725926359327969
1.0727831810372064
1.0775929961210828
1.072297954869069
1.0722839180436035
1.0714055526408033
1.0711421164405646
1.067114799384718
1.0695228952372704
1.0666223665555665
1.0673051101933724
1.0689402054483497
1.0711764045615202
1.0695140136105772
1.0706058677642427
1.0658557203541497
1.0684771809704792
1.0685198822276887
1.0678413491759309
1.069596818635611
1.0666077655302995
1.0705711479318276
1.0713049463112803
1.0722887821626619
1.0729440930860052
1.0698904810832195
1.0693826329640181
1.0706349712773662
1.0697123426203963
