4.507629935183667
1.4770597690555616
1.4364180245790135
1.3524630449795372
1.264839538042458
1.228790364528208
1.2207458233778232
1.216478849022145
1.219076462714829
1.3048412543787191
1.201981066290802
1.2448722329681068
1.2524036126591582
1.2562994403001575
1.2600254465023246
1.2600974215900713
1.2497165027612116
1.2317540219061325
1.2287766624009417
1.2237764486138951
1.2141593893126306
1.2002095118473703
1.1990192189689526
1.2080509321619102
1.1987451314646174
1.1996844733617387
1.1948025339687343
1.1816587594336008
1.168684122337656
1.1640115912721083
1.153093745719749
1.1346608789184105
1.118065630511947
1.0977527431093452
1.1103375405498552
1.1103004283330442
1.1090347725104248
1.109446095827776
1.107815530847107
1.1035027023641035
1.1085868406936648
1.1002628235056462
1.0962715334270514
1.0929201789621743
1.0854627237497536
1.0785017938898755
1.0769641582004277
1.0803642718782085
1.0811847700378583
1.0744563792454351
1.0749028996710817
1.0751423902221433
1.0757891704216156
1.0757105493474528
1.0739316167357855
1.0770035004771343
1.0729919998087631
1.075895991141875
1.0746920490336624
1.0739233370902677
1.0717370700135003
1.0704162032802802
1.065670720037567
1.0690698057765766
1.0690491099719623
1.0651421447196499
1.0632436493879522
1.0606199047777247
1.0550178881155088
1.0567646343082904
1.0506023023551636
1.0456905891429176
1.0444792727143213
1.041848419691221
1.0400109411810787
1.0440153188847674
1.0399533159091472
1.0376804091952714
1.034851186545027
1.0302484221331816
1.0275536857989382
1.0302396090400097
1.029412178096238
1.0288631228871057
1.029097718540043
1.028684122894253
1.025202015015372
1.026586753434314
1.0263921336405124
1.0229532976077593
1.0221213639054858
1.0189162798542155
1.0173190279518805
1.0191255963949695
1.018403725282803
1.0181498267371325
1.0180035590153071
1.0174098468157105
1.0182348601848168
1.0164679816104196
