4.525142228866446
1.4145100032828142
1.3645918775933712
1.148525753028363
1.138203940709442
1.1433109515872275
1.1470591406331347
1.1528365103136422
1.150854640053014
1.137151010567188
1.1322578206601137
1.1441079485856849
1.2028783180461684
1.1887687398108417
1.2026216477014724
1.2142677093267042
1.2026540045590806
1.195653699906179
1.1855259778678524
1.1722982895723941
1.1769640581813203
1.1820132513857236
1.1854860889436758
1.188396580228282
1.1926308900368965
1.1897923098864283
1.1795045815904315
1.1751203321404209
1.1750034745639086
1.1737268475788019
1.1715435861269488
1.1678927369610914
1.1589567389506048
1.1524877654525798
1.151990749389447
1.1517944254836165
1.1491273556942507
1.140686339478814
1.1346306123665253
1.1191358034258823
1.1166578945077366
1.1105637784659073
1.1136883939456848
1.1175705017906719
1.1166969499107435
1.1078799157762595
1.10343391630209
1.0781228262642495
1.0856152577933715
1.0873787196173432
1.0892294593084975
1.0876663933217399
1.0891697391651096
1.0805095107633997
1.0767958902378423
1.078010841153651
1.078589756179318
1.075478749166002
1.0746308648893865
1.0683624378399674
1.0542902732424269
1.0566038084913114
1.0526930973147415
1.0502486682874754
1.041744417314714
1.0420693382165738
1.0381424844913376
1.0320868973773476
1.0311105089284178
1.0284121959638868
1.022509803652089
1.0208978977516812
1.020109871138341
1.0306115904556292
1.0211194471705207
1.021191782094163
1.0181753321720008
1.0186316554481798
1.0165838646114267
1.015586609043858
1.0113107674196329
1.0145808935813638
1.012785856708656
1.009170499801455
1.0074352949388452
1.0070220045078457
1.00814905006851
1.008179496767155
1.0118983620183564
1.0111143351729335
1.0087857523181032
1.00829363582772
1.0067513378702748
1.0016675347472757
0.9999365157190135
0.9978776305843368
0.9954968518789457
1.0014252172776645
0.9982964245435461
0.9987531109675557
