4.512459237995747
4.135716772739898
1.372156266877834
1.5554254102695435
1.2052851913901659
1.217545282126936
1.1794277442625394
1.133081468075565
1.1478359475062083
1.2135725752513424
1.1853022590644235
1.1941936264019588
1.1985531949835657
1.1989557174550856
1.1898076395718178
1.1928588233736388
1.1963603930976314
1.198792684797397
1.1994073355465036
1.1921891252438028
1.1900730041786223
1.1883359723483966
1.191085140353241
1.1848337181226594
1.1937056377727553
1.195880404210126
1.195953801426204
1.1938251968723834
1.1875660976629934
1.1799422665175172
1.156690785766175
1.1609243725371614
1.1631383128569135
1.15963925214167
1.144654686885802
1.1390240841644272
1.1251371112921216
1.1304917137777892
1.1197333736187316
1.1152318057393493
1.1062916695119116
1.0891415597444105
1.08957986461306
1.086813412704936
1.0851737650526732
1.079503530808611
1.0703380781235234
1.0683418753857545
1.065248236087631
1.0624347182118827
1.0577002751916431
1.0460712139169202
1.0308215450410283
1.0353810698999404
1.0244488406414933
1.0249196811001788
1.0258971893513067
1.0248709987845024
1.0200595123223537
1.00984805004553
1.011509419385915
1.0023538169286659
1.00687677282532
1.0060681031732701
1.0039136111596458
1.005979771168987
1.0028738721758463
1.0002192786286268
0.998812296191323
0.9973953999517831
0.9826272374090863
0.9877048898163527
0.9895679241444325
0.9882870695256561
0.9869128087204432
0.9839151169815751
0.9790816725369847
0.9878252300392583
0.9851253685997604
0.9859107487478871
0.9872171869460535
0.9885351862540531
0.9909689349803054
0.9898803040736637
0.9934772509055172
0.9918882485642558
0.9908047380813281
0.9904580758664945
0.9885505915440301
0.9940328306565321
0.9940722996345587
0.9848529774380719
0.9919047573478985
0.9940676831824697
0.9949246810503234
0.9960399593811408
0.99709950734926
0.9990139088115587
0.993151515519802
0.9916760018792957
