4.413674403994993
3.9599992002676165
2.526946186146744
1.354458525993489
1.7964125467648673
1.7376141866864865
1.4930986452834303
1.4540708483402838
1.4312850068330734
1.3528372488746858
1.3071918050645857
1.3054024025583277
1.3177013003052782
1.3365044233139642
1.336812211221343
1.3223119396895986
1.3268241892972712
1.322618889020108
1.3301004489945298
1.3362886770701392
1.3420314276783554
1.3418064844585826
1.3567512807282687
1.330053454714306
1.3313647194628775
1.3313939043710814
1.3277296886174526
1.3194563488391298
1.3080183110253865
1.2948872843077526
1.2690404953893932
1.2684673747411934
1.262088339355977
1.2599271178440186
1.2531906164743942
1.240622224617475
1.1798946874106508
1.2036218907779588
1.2006866477414808
1.1982018486340278
1.1903007492287785
1.1868108185275004
1.1782159439713336
1.1703961798164562
1.1769950613617715
1.1722069293408746
1.1719622817307076
1.1697419242335059
1.1704758002195421
1.1579874786030666
1.1593602077902763
1.150155669293419
1.1311299934128214
1.1227431064255022
1.1144168789884183
1.1056954355676838
1.1077395269140262
1.106782006676571
1.1030377079476346
1.1115772245591844
1.0999022383253199
1.0974867597892233
1.089609227158821
1.0925909416668973
1.0946043642191705
1.096027330366606
1.096437221325051
1.095354069776525
1.0849292789663212
1.0880401895471115
1.0836336707356513
1.0817403080282513
1.0775733435460804
1.0702658711677921
1.0698036189174869
1.0739323315689668
1.0701238989105986
1.0729256100104851
1.0747298608833746
1.0752266316700263
1.0753626397850535
1.0749425524652638
1.0727504831264667
1.0779500291182769
1.0731765058883942
1.0724529653713752
1.0718401428130546
1.0705305522729596
1.0702050923275672
1.0750986260856261
1.0731804876518172
1.0783200106873774
1.0794786884100067
1.0799007096046302
1.0797120797503672
1.0759440785385392
1.073615132357029
1.078459827038097
1.0729825316246022
1.0780638737034147
