4.507629935183667
4.097204846856319
1.379808463941781
1.3094660364672581
1.335990769470488
1.2960780443550415
1.2841703154674788
1.2559913047680047
1.2161077884906986
1.221332580018454
1.231542275646952
1.1764725433946377
1.193088479797946
1.2256336964323384
1.213995038485684
1.2114374312856289
1.2034093973522775
1.200762813898335
1.2044786327368762
1.1996572182215703
1.2071802385879824
1.2104845744787172
1.2120013213108254
1.2117448913017368
1.2076848927950847
1.2025622111206498
1.204676092026488
1.1983361098684464
1.2007867315810357
1.2032893791240185
1.2041716372561833
1.2027303465642654
1.1952524266855842
1.1895340292136072
1.1806838795354706
1.1692592711519325
1.1638710955859302
1.1587254218566558
1.1368937127859848
1.134784364265975
1.127106677669467
1.120565110266212
1.115387639924372
1.1085886085606476
1.0992669737801435
1.084590505718549
1.0893301299469516
1.0882946143755408
1.0887631266206326
1.086909823552247
1.0807984991193968
1.0661534207447032
1.0477507548831206
1.0511057032768745
1.0513599816052575
1.0523234762350782
1.0485713014055213
1.0403408592527188
1.0185780422531694
1.0244148834344715
1.0182597536855802
1.0122476602572132
1.0112167327406407
1.011217787247101
1.0115504639495616
1.0070603540478034
1.0119928298695418
1.0065447556473694
1.0038083989064532
1.0040819612563716
1.0044048291720038
1.0094765416481888
1.0071575256570067
1.0029680815816477
1.00233038672598
1.0009042563247545
0.993475990330366
0.9973006643504583
0.9962689166290591
0.9989141334601874
0.9954835630052301
0.9922292457183003
0.9905526059768949
0.9894494640336662
0.9891359220868913
0.9902135703351487
0.996311053065823
0.9953069793380889
0.9951175041606135
0.9948705793995719
0.9946944034250402
0.9931940947389319
0.9890633492753218
0.9908710668552986
0.9916633189308607
0.9919900129000796
0.9927020989897638
0.9935417770621433
0.9953941430329177
0.9918473221909371
