4.448965223925141
3.9854693200501825
2.0905557383532667
1.4729561280856065
1.4742310721862033
1.4485560455675563
1.3234762695763218
1.2744707964964317
1.2359096352025016
1.2611151775321336
1.2784444107052393
1.2574543432485616
1.294199477667003
1.266444640157772
1.2710601054182298
1.2772662412136822
1.2826026550295366
1.2739940841800175
1.263638250711098
1.2594555601531428
1.262010400961352
1.2571669487795447
1.2658616297139067
1.2715241461578024
1.2691001192231843
1.2655742562671213
1.257845652029083
1.2460899095195948
1.2562739869705026
1.239262690388933
1.2270715803334908
1.2219251433458254
1.204184346032171
1.1944635109478894
1.1850607304769125
1.1892128366227044
1.1881821813353308
1.1903759061695074
1.1931097148446137
1.1880423757822298
1.1457587996623002
1.1509333239935398
1.1471878539913216
1.1432734020656115
1.1356996352610231
1.1245870577418222
1.1130649598906988
1.1043913215587717
1.0868897827060846
1.091833074325311
1.0951807908648903
1.0951515091450497
1.097053353524104
1.0755219366241864
1.0770871268405022
1.0888907878217478
1.0727180727666354
1.0658721030752873
1.0592048439754327
1.0403999890864284
1.0389428623348487
1.0379936484432637
1.0426587451162321
1.044440628098964
1.0478086375621536
1.0457063296881917
1.0456573968874312
1.034411624400978
1.0458069990514267
1.0430056775625653
1.042608110297099
1.0432608296211736
1.0437876119088687
1.046035776857148
1.0530697235679611
1.0515816050290852
1.0516875024212649
1.0511185720850706
1.0512449876150651
1.053309875187957
1.0437021072668988
1.0500420726640731
1.0520491234176954
1.0525702451559469
1.0538503481955017
1.052451993652753
1.0493975413556134
1.051758847862975
1.055630931029762
1.0558454462419282
1.052142876476293
1.0543603769928405
1.0515327456398171
1.0522866354189209
1.0520657792782058
1.053963301116298
1.0520743420826892
1.0497467912047005
1.048480813809058
1.048490849757265
