5.0
4.6329670983006075
0.5765732561711857
1.1055544683964884
1.0483322508028288
1.0047566867873527
0.5859643684741039
0.21275974417622906
0.28773209999800065
0.21856099676070592
0.23224831710945942
0.20809139427873674
0.20778062271227676
0.20407181260624838
0.19658589433830054
0.19653919592530225
0.14813051968088414
0.15851815620289783
0.15497049243671832
0.1489270520040013
0.15609643568637455
0.1588243952716721
0.19715417944323285
0.16869947088621529
0.1726085774974098
0.17486501977822924
0.16930164235445583
0.24319494862473248
0.214059720388112
0.17831501455902948
0.19306407132095724
0.20037047740525044
0.20765215553741415
0.261989671996643
0.24615841312022477
0.2294104586297951
0.23719639874599424
0.2603745093753341
0.2665976116590033
0.2572541221157928
0.24276330939000063
0.24118236876274413
0.17181959470217614
0.20750736653408766
0.21664509610029392
0.21875082052605976
0.222785713337855
0.21822364006562495
0.22743390845898093
0.23294334371880104
0.21272156081861396
0.2030382217992872
0.20226066959537128
0.2073181878597035
0.21513498649159712
0.21603358081475094
0.23125806635965318
0.238741225689166
0.2380366298249449
0.2356582192695644
0.18732767846623583
0.21646341411751063
0.21184889983958996
0.20875519063743003
0.2086551855517033
0.2152112729445461
0.20786291409617866
0.17414220638939454
0.1936553836829331
0.18661372180347718
0.17674219675487293
0.15981313710549663
0.1487363166766152
0.13808122611724957
0.12511210461832337
0.1344578424195729
0.1350610460492598
0.13248281915636287
0.1211206637598434
0.13485101999536697
0.15401526540111013
0.13995273349955786
0.1396742445368529
0.13974637816207242
0.13160335775794674
0.13573783218310123
0.1342845858451619
0.13964554127983994
0.13218789446225987
0.1293726813610741
0.11428383499220907
0.10975677361494275
0.10655708567469034
0.10182853782417807
0.09185648354380642
0.08275204201375207
0.08056871559140032
0.0793081849128716
0.07794512693108477
0.07483745345236595
