4.524992663982071
4.1434087135180855
1.3144607109621609
1.1892207078175276
1.2659415135004108
1.2196547181026225
1.1926163659551987
1.1191690966634222
1.1579035228365218
1.200554184272705
1.173166389809067
1.1823325542732752
1.2145161375599505
1.1878702465494648
1.1863477611504167
1.186568896342949
1.1882465770855901
1.1877302839865003
1.188893724879847
1.1806929142925107
1.1815150695905765
1.180211625024699
1.1903526093753563
1.183330464730169
1.1817303619039794
1.1796799123734936
1.1792862616918982
1.1748810427669067
1.177351548150636
1.180421956036501
1.1787023781304573
1.170901047589956
1.167477656892224
1.1632420127151955
1.1474183369417374
1.141032579532436
1.1308470194111173
1.1266976984478048
1.122847208795503
1.113320587793671
1.1117552748562602
1.084213840744625
1.0883055521368228
1.0817944131663135
1.0798292168199497
1.0439713052676685
1.0632035559231536
1.0774368246167099
1.063856005388059
1.063785393348582
1.0609847044553702
1.0558232858105425
1.0440080385106458
1.0429361918788176
1.0282961692367367
1.025769834889773
1.0202726868093757
1.0217699218402696
1.0152624849952345
1.013104610715176
1.0160323117343708
1.0245682412164125
1.0315087339987312
1.0274941173937788
1.0168179820751597
1.0115079817709889
1.0020886712599042
1.0022574053532076
0.9998470297972597
0.9969541565818539
0.9885640065223705
0.9898606166751343
0.9846767167152713
0.9837493430298594
0.9822241136461277
0.9817730369196512
0.9797678394711931
0.983071939826363
0.9811481174164466
0.9790216986422022
0.9765938712395126
0.978226857462267
0.9764799634894893
0.9690226555813469
0.9727751847236753
0.973837982897841
0.9756082769815403
0.9768053475737543
0.9777764265604515
0.9785264269456833
0.9795359861362672
0.9768009585188976
0.9815267845902067
0.9860455864996354
0.9884020899342996
0.9881832634643842
0.9864591569270398
0.98527852767904
0.983723619724949
0.9809406422084888
