4.525142228866446
4.140850678490633
1.3213768401032675
1.1970752517487788
1.281146131184225
1.2305012704361942
1.2000493206953669
1.12808229127591
1.118631443065472
1.1919259477877553
1.1834538837363098
1.1855008985273827
1.1671747381078936
1.1770254570739964
1.1865812556965187
1.1864440525202413
1.1851499675289683
1.1877173742420464
1.1696945316393008
1.1768823188903226
1.1805075510149847
1.1731161487104675
1.1499402595731503
1.1326264709765919
1.1230954683282137
1.1273996996101194
1.114685379632269
1.1135321033510488
1.1122898454137438
1.0895954563723476
1.0777443038529109
1.073798940447982
1.069808844214136
1.0676426630664653
1.0632136398614225
1.0648910114109855
1.0454045089054314
1.0448872164226495
1.048283735576911
1.0500895391710763
1.0498223045655095
1.0449768463201778
1.0386141361019166
1.0228479492046059
1.0176582492317814
1.0131737502373839
1.011405262254089
1.0105768446021555
1.009447194232332
1.009422998192751
1.0024023760600667
1.0201199034083857
1.0115088739786406
1.011377711694603
1.0078890844839634
1.0035704009810922
0.999421791901829
0.9891625291165895
0.9947956710323659
0.9906419986950744
0.9887221134230525
0.9873784738565009
0.9845995819927374
0.9803858493905804
0.9831345025299528
0.9849439410829028
0.9857405148276792
0.9833921593271293
0.9883108602520398
0.989206985958543
0.9982116276504139
0.989402008326644
0.9895411970666462
0.990251310237527
0.9903631055252983
0.9881606354427334
0.9825275995426069
0.9851438852415517
0.9824511450117894
0.9817912286392004
0.9791354860592367
0.9808047739877914
0.9816064349366131
0.9808663612096761
0.9866828886925294
0.9834123951543715
0.9822103747855967
0.9816041827261984
0.9807824317378029
0.9816136026955338
0.983989567234918
0.9837495644416304
0.9792130264965321
0.9831683210256114
0.983001226263172
0.9801685813211155
0.9808799758897386
0.983468163398281
0.9823381244610591
0.9811649201739345
