4.444959812702883
3.970154685349144
1.4822932649958807
1.5898210388288074
1.438858990578401
1.4432802997839496
1.429849576359577
1.3126871699487566
1.2858087104064744
1.2839305305502484
1.280999656526596
1.2672165464747094
1.272848142170395
1.278203934925147
1.2763995754972932
1.2847916136777497
1.2725008409434015
1.2755277785689256
1.2747388922755645
1.2830428938988003
1.276048375480627
1.2684950729954696
1.2605053591670674
1.2566518299756724
1.2475166563657922
1.2504710138667037
1.2550385343916228
1.252027256214455
1.2226949317681173
1.2172968421969033
1.205079152280682
1.1838366969245226
1.183353120392835
1.1808373268904278
1.1739146947384684
1.1676724288478715
1.1471376542480523
1.164721217753999
1.155920613155189
1.1543357755382033
1.1531541741763847
1.1480021528902875
1.1443625397321424
1.141927211490619
1.1229436689870473
1.1254482737403313
1.1245786780374478
1.1200709189459612
1.1034788385017034
1.0832931858553085
1.0794181193849177
1.0861221589716956
1.0783666913075072
1.074950452437147
1.0708226225426967
1.0653144736080062
1.0595567082713242
1.0525244425692546
1.0380660728098923
1.04753022547855
1.0539004610493865
1.0554175484891517
1.054442394653589
1.0525066541071495
1.045659958501287
1.0416875697550099
1.0393805116958812
1.0364279604729145
1.0350046724566073
1.028311165821435
1.0338314563906252
1.0315784322267143
1.0280574753520477
1.0287311227020313
1.0285765048622306
1.0346385264463145
1.036325918499136
1.03543870389878
1.0388688352492748
1.034385474806112
1.0316062641593517
1.0305732063179682
1.0304665754583837
1.031414968846617
1.0377895749239912
1.0342041308118377
1.033114283758423
1.0335140214651415
1.0283363027607186
1.0322255911133875
1.0330914937466011
1.0347340104492733
1.0326672386000315
1.0325619822067804
1.0367032236755707
1.0325944988938787
1.031789308087461
1.029509828495745
1.0286184507028568
1.0251339428659214
