4.514933275677911
4.136307679776348
1.308701076575804
1.2528368100814287
1.2282510838052199
1.1823504675720895
1.137678093827447
1.231368171692455
1.1524319531828986
1.1779077299099403
1.199381293142417
1.198668509793389
1.1991369349916963
1.1984639108347044
1.1951301816143745
1.193949386142569
1.1870170962302977
1.1979200884945331
1.1965139223544565
1.1957400353349041
1.1930285529846916
1.1879846539883347
1.1861413868152402
1.1714236192851868
1.17207809602439
1.1716549127414904
1.1740798602597957
1.1729774171206657
1.1700721042884028
1.1605189378541878
1.1578217500645742
1.1313691220690667
1.147248866306133
1.145795370925571
1.1463545917903866
1.14191088045845
1.1422635275310993
1.1267702311455612
1.0891466569581858
1.0865023630134814
1.0883470643179396
1.0758600158795126
1.0649309989400457
1.0568873875935063
1.030661014843084
1.0469432247708168
1.0466471445563938
1.047535831034627
1.0474965442419983
1.045819928736015
1.0444797842425793
1.0534295046365494
1.0483768662645905
1.0504132242810817
1.05013090133809
1.0519170127942925
1.0532717404574512
1.0487866054372945
1.0553871018596526
1.0478002501749568
1.0397899682992529
1.0365938078758392
1.0308471239411823
1.0273308640958094
1.0268779128716952
1.0234897383193042
1.0327047182747509
1.024139101904036
1.0181911418990155
1.0162055173230429
1.0162335902278423
1.0186940731090723
1.0187628084827254
1.0164104289045468
1.0200662692439801
1.0184923644168997
1.0160504312093483
1.0133510323273536
1.0109294123580783
1.0083765476145696
1.0109267597821865
1.0045123252997126
1.0026412794298691
1.0012785077200566
0.9984525608420524
1.000677083575077
0.9948977115694461
0.997834165295881
0.9990349765098355
0.9995840973761957
0.9997598611054613
0.9987576731730428
0.9949110765638388
0.998382957836576
0.9950259347016106
0.9948760441616974
0.9947982925794433
0.9936756152136276
0.996093490009984
0.9944116509017917
