4.439582461360362
3.9701636143668924
2.0528897771738612
1.445415942845787
1.4484050264377286
1.4663024141481116
1.3253183469131526
1.2698937329440356
1.2854767895978765
1.2943484078738903
1.3106504751821189
1.3103547352766092
1.2902725154038457
1.2911660745403823
1.2779171049609492
1.2779861751672807
1.2869905960609442
1.2953715959740215
1.2760975073959109
1.2820179467810584
1.288566566339959
1.2876597117614772
1.2910134412274918
1.2590523926081727
1.2556947532558194
1.2596777955245206
1.2514826947350153
1.2430290738690926
1.2340316818593573
1.2196757543112868
1.208681096040101
1.2057555810903442
1.2076246339308403
1.2100497401365928
1.1989346904835916
1.1968299711153867
1.2102132630804203
1.1924894615757227
1.1844159174030875
1.173453675200817
1.1527799831125731
1.1461664705265364
1.1451752666894983
1.142690520402603
1.135684649087737
1.1344034179159712
1.1212854574323146
1.1173891291150957
1.1160924885445462
1.1084049189428116
1.107105613358604
1.1055365796824157
1.100632035817179
1.107391916001547
1.1013096267415918
1.1000663054341624
1.101153632673225
1.1013805868740227
1.0987573991035993
1.087170955142367
1.0936842582209578
1.0787869246473645
1.0757529815511189
1.0729393735622799
1.0643908868911662
1.0604145717561546
1.05445143058906
1.0664619157291866
1.0621432515812494
1.063007054456888
1.0609593561609882
1.0596708396572958
1.0555533842402087
1.0647096721292137
1.0508866837822848
1.0481231369657127
1.0461025642275268
1.0453717463788288
1.0414130251303746
1.0391743046728132
1.0326194679591036
1.0348615671671135
1.0354613558622068
1.040418464916434
1.0424412528976736
1.0441190882475224
1.0402306772942396
1.03984719243547
1.0358625625210116
1.0386351872993875
1.0370848672694828
1.0362791502678852
1.0355983020272936
1.0349050951238383
1.0348171333113838
1.0227245078601575
1.0288805475122669
1.0308511281208317
1.030847601790283
1.0326145257366448
