4.514933275677911
1.6273344073682647
1.535553983269132
1.3801125303392148
1.2870057698223265
1.172253451963724
1.1535269185624584
1.157422343961218
1.1447157661327552
1.0810114514215716
1.057064702563993
1.0489308452881714
1.0439405636664516
1.0377005704488822
1.0220326060283575
1.0111852736683096
0.9989465430486307
0.9930308049689762
0.981475376245527
0.9818229650427115
0.981040721419147
0.9768168849387271
0.972832108168389
0.9656009031224356
0.9562954112068607
0.9543068769971671
0.9512230242086636
0.9444765384440955
0.9385989251224729
0.9336070865080284
0.9317573664379554
0.9293589074704977
0.9279221529476889
0.9255955545202996
0.9235632362542381
0.9203385583939371
0.9190027427202665
0.9169859419234767
0.9157413467387571
0.9139439215511772
0.9132853484848407
0.9129821907274621
0.9121805738664303
0.9094949332982686
0.9074392772535911
0.9070497904093958
0.9068552047573327
0.9065468747805107
0.9050838526373184
0.9024060242306838
0.9012386092670601
0.9007362321029178
0.9003291550454878
0.8999707116875535
0.8989900181712331
0.8981156287810249
0.8976353203191758
0.8974264394955116
0.8968078926621119
0.8956738683354976
0.8953804988439145
0.8952624063636311
0.8951194649770965
0.8947446368674222
0.8939137517090138
0.8934414098339267
0.8928740281098256
0.892465184895623
0.8922690648770956
0.8917431323863476
0.8913636239769893
0.8910526001089027
0.8909231388158797
0.8899314629206759
0.8898449028246826
0.889219277759804
0.8888605608122232
0.8887872966822266
0.8883724538489561
0.8880992410025482
0.8877776185265537
0.8874639387669905
0.8871557082808846
0.886908362453295
0.8867562585818786
0.8864903765215513
0.8863943744292156
0.886254381251562
0.8860843055299547
0.8857824702196104
0.8854259499934242
0.8852045767437716
0.8850593602764898
0.8847819485884096
0.88472676403237
0.8845675537038654
0.8844499799043216
0.8843971889360938
0.884237878936132
0.8840254239625506
