4.512459237995747
1.6379850002386929
1.5358081339673606
1.3811909512222258
1.2943552762832358
1.1737287273711838
1.1345718207003304
1.0832274865216005
1.0719924701379169
1.0684237512971269
1.065465433348677
1.0568151297474055
1.054131129668936
1.043906132575213
1.0302542270642883
1.0243725954725296
1.0053581317017177
0.9893106004672849
0.9850018652326614
0.9742652027148561
0.9735789526744649
0.9701826737489148
0.9638932537312332
0.9595675953470129
0.9538071059902228
0.9460647557978397
0.9446742186163439
0.9418233788753324
0.9384978641446177
0.9349939483271974
0.9330317326288735
0.9338698394803862
0.9321512744232406
0.9296191315018624
0.9278942041334264
0.9255522118294636
0.9230711850670373
0.9221765930230366
0.9213306973911656
0.9203218241011538
0.9183763754144059
0.9155776950353354
0.91378223120291
0.9129237347770994
0.9100431749027948
0.9096008355930644
0.9093726310813242
0.9072370872404939
0.9067719575442201
0.9057131197403432
0.9043703115727615
0.9045730581805493
0.9044315052183844
0.9038334416481014
0.9023209168208333
0.902050343419933
0.9003523245455646
0.9001498292062474
0.8991321254035414
0.8990309464861845
0.8988255556336572
0.8984917213728203
0.8975901945162457
0.8974188481854033
0.897003449037764
0.8965544381691638
0.8958815724213518
0.8953303666310518
0.8946080964245547
0.8933855887625388
0.8934443348099038
0.8925623350565305
0.8923552426300397
0.8921589229415411
0.8917461171680724
0.8915228297653934
0.8910970300537872
0.8908493813297802
0.890895033540763
0.890917153136641
0.8909615181209982
0.890939479673339
0.8907365439221925
0.8904664727583562
0.8899636812808286
0.8897213069625414
0.8895938493604385
0.8894112387137662
0.8892430616797563
0.8889633203645618
0.8886627506335982
0.8879491120154077
0.8880953424488739
0.8880920825769697
0.8879418511652277
0.8875645923503135
0.8868704030749837
0.8863434780770829
0.8860996975153068
0.8858186493151475
