5.0
1.8384902443965785
1.6447918767074694
1.334524521564757
1.1807832755825367
0.9253916920463741
0.8051241942097322
0.6739689509944694
0.6145476084105018
0.4241907426711531
0.5209827863860782
0.55841650588059
0.6222937626361619
0.6217128776946842
0.6377373854590628
0.5770566835935254
0.5120431223380202
0.47591158034763004
0.5060458612659704
0.6115594343840811
0.5782527352283712
0.5868164382413262
0.6213096019609299
0.6617917464607704
0.6359123699469474
0.6481019094626032
0.6484032700129677
0.6232219638617742
0.6346842982235986
0.5979302155377925
0.5481866785891282
0.5502103694875802
0.5529059462547783
0.5523415785529777
0.5594715516382147
0.5316987556660874
0.49790889197185423
0.5042077036120834
0.5137603470190482
0.5151532673565491
0.5043511065122269
0.45474654274479
0.45510282913942063
0.4589458148206495
0.4638938257103367
0.47647871635410227
0.4751602905335521
0.486500868263604
0.4909654440330951
0.49585589126516716
0.488073888649969
0.5087362617788521
0.4778621812485302
0.46913559376743863
0.4638710422645472
0.4586077221123227
0.45173966310175645
0.43182905743595784
0.43818291113396524
0.453956667508801
0.44912100548447104
0.44328608330362174
0.4408916923951525
0.439881470257977
0.4477339850122544
0.44444778414562996
0.45432943670389764
0.4475355991893121
0.4410431302997251
0.4376008258605983
0.44207122540538196
0.4279144921712389
0.4252669941380574
0.4298916454923661
0.43639690964643496
0.43892201299747613
0.45230150459085045
0.4511863247945436
0.444402908868387
0.4589483786985318
0.45061220413564085
0.4471211797847989
0.44151673617568654
0.43912861010337567
0.43083103118113725
0.4275475267394295
0.43829333909320206
0.44424959727773117
0.45209456143376686
0.45376895438690634
0.461190199076341
0.45777843816216635
0.45357105939490966
0.4539912289947271
0.4628129845150562
0.46588984643463865
0.472306896018728
0.4706484737283661
0.48656585001642383
0.4904184716535202
