4.507629935183667
1.5529096588016995
1.5098479820980217
1.3831250501948804
1.2983818524516624
1.2253684759394181
1.1661167955228187
1.1409641541472815
1.1167071064963048
1.102649082579219
1.0916958563805288
1.0817003311279025
1.074246129649722
1.065393853880258
1.0627877639736372
1.052835074468845
1.0392839457299852
1.0227532150851186
1.0096229532422663
1.0042128877440324
1.0027757588370787
0.9975851046365526
0.9943294263462524
0.9884904177687013
0.9813617347599098
0.9762354691918255
0.9705344315530559
0.9648641345269394
0.9632200442922535
0.9600578686589223
0.9578194594750439
0.9548078514229463
0.9516296619436257
0.9490753259231247
0.947022530082537
0.9437403098128168
0.9411927196923986
0.9368788195015523
0.9310326835603641
0.9288375277884066
0.9272650885425286
0.9260740544738711
0.9251254900465855
0.923757442161865
0.9213200722889142
0.9191697851651706
0.916119186852934
0.9162880944691988
0.9160737581380016
0.9147495252866432
0.9141212869763108
0.9134006702470207
0.912386955272852
0.91222327790975
0.9103714065202109
0.9090832672004155
0.907100529542061
0.9057947078327226
0.9052481404884649
0.9050989904667439
0.9050388493123531
0.9047323121716633
0.9048932027327696
0.9030766755277145
0.9028836447026508
0.9023955759370882
0.9016613216950439
0.9007614644613875
0.9006294761777529
0.9004309596741479
0.9003730139906136
0.9001894538929033
0.8998764419122667
0.8992982790806405
0.8989087564863015
0.8983048445514312
0.8972599485755195
0.8964159741693651
0.8960319256743947
0.8959942424588128
0.8958178019520834
0.8954094267767541
0.8950597333276521
0.8945363414192453
0.8941549859564187
0.8930444765514672
0.8927237933792888
0.8925819775678133
0.8925474535434007
0.892475495523597
0.8922333395266084
0.8918681869278642
0.891772946617247
0.891382024273797
0.8912361096676367
0.8912288123687941
0.8911151956718356
0.89109175063392
0.8910830459351835
0.8909319994682114
