4.444959812702883
1.3988054611547023
1.4043636612178636
1.4262403231875396
1.4157750138871132
1.394134235180183
1.2795903553039505
1.1996250257358667
1.1788332937399861
1.1496587913599612
1.1308131885732327
1.1128962837949057
1.1099314048323208
1.1013259785075293
1.0877761641481207
1.068474433787563
1.0584986458036254
1.0470663614452147
1.0384941435079524
1.0306347375092877
1.021803606850214
1.012323111830832
1.0048916319902332
0.9997904696830608
0.996953135424962
0.9965657743137534
0.9957235778412169
0.99161606076946
0.9843331205698658
0.982213121413424
0.980279266992053
0.9773278595363825
0.974489049732615
0.9742646016201235
0.9738805397928053
0.9724168489597691
0.9707123379757733
0.9700236436481701
0.9679106235944056
0.9656927867342766
0.9622504948172894
0.9613443520050462
0.9608452255258341
0.960071261586864
0.9577952820743018
0.9563292106061415
0.9528383154980601
0.9479988767476907
0.9476438186357048
0.9457173341225272
0.9456590269480151
0.9449598140999116
0.9429629004157474
0.9389627016343279
0.9361683774021203
0.9353629110588655
0.9346957383342465
0.9344495250158779
0.9336752151285594
0.9320148455124453
0.9302599761297756
0.9279518381233545
0.9276792467936412
0.9273013277832101
0.9268727783956252
0.9257703513934075
0.9250065064044763
0.9242421681630646
0.9238144172541429
0.9234349339104078
0.9233363679653523
0.9230775000795387
0.9229968024476831
0.9227956570049839
0.9223065691989969
0.9217127265502411
0.9209775998996658
0.920739661730861
0.9206480002675828
0.9202907598954178
0.9199951955405217
0.9198006492355071
0.9195510546874657
0.9191837346264516
0.9188573712439252
0.9183099748040409
0.9183932109579979
0.9180738804902501
0.9180146014257327
0.9176215066459699
0.9174183070610111
0.917111821537574
0.9165793859634063
0.9164455592960322
0.9157714987077546
0.9153282705659128
0.9149621918793207
0.9138478853751736
0.9133109060810366
0.9119883452420409
