4.525142228866446
1.6085454412127722
1.542746264243425
1.3776601823837482
1.2692189769261166
1.170805231558319
1.1507771869018544
1.1557760499735064
1.1415327502798296
1.0718946844112085
1.0721767681714136
1.0539716654582394
1.0495420249333254
1.0381961110471511
1.0309532088990712
1.015739266307597
1.0029444760830541
0.9930158822139854
0.9823961739876728
0.9823649878389643
0.9809088834470978
0.9766281432824515
0.9704443485084794
0.9597699143272275
0.9598647461498101
0.9576459286151813
0.9550054642556889
0.9529326834500963
0.9465676061685265
0.9372024045383661
0.9379426014791717
0.9379502350982306
0.9369165425472054
0.9340792570062708
0.9287785783915178
0.9274734322500482
0.9268481736119434
0.9223729250501426
0.9170071649503561
0.9138616972396498
0.9122103841672564
0.909762183811656
0.9091621334117763
0.9090656211131215
0.9083534751843354
0.9074172574368808
0.9058793561722944
0.9047849867144784
0.9040254569623536
0.903770671493897
0.9035069431545804
0.9028826707343143
0.9024208411342568
0.9019170210332891
0.9011590248812396
0.9004533390415727
0.899736084317676
0.8986335589517577
0.897785068438714
0.8972297406962942
0.8968177778327249
0.8966205413186633
0.8962555063325595
0.8959276715654977
0.895296967520545
0.8946969350694041
0.8941323168132914
0.8931752123392088
0.8927452178722022
0.8921308203697171
0.8920600948827693
0.8919926572856353
0.8914489350635021
0.8901823538183548
0.8899551415158344
0.8894157163048596
0.8892698563649909
0.8891220843152771
0.8888618974620843
0.8884327175646101
0.8877837206546034
0.8876366359478968
0.8874810661530869
0.8873156826283369
0.8862968753620498
0.8858597671024306
0.8855850113588837
0.8855424118238867
0.8854414188272716
0.8853550227417479
0.8853079359013873
0.8851732940327371
0.8850379662096226
0.8849608892168692
0.8849330072234199
0.884908604681385
0.884843860006215
0.8847288433050768
0.884362797385197
0.8842785035334566
