4.448965223925141
1.401091229266949
1.409322100291923
1.4593137149441753
1.4588233610549814
1.42978527171967
1.3620863714721552
1.147877510547169
1.1375844295400168
1.134953559715585
1.1081690335991776
1.1050576860155186
1.0973080831652215
1.0885602135767525
1.0700362832040191
1.0538299291669833
1.039431624973299
1.0269867340117331
1.022326526570327
1.016867234721206
1.012735417495035
1.0119321016716463
1.0092881499807695
1.0008905743427086
0.9981794416114923
0.9927893960516526
0.9906350425164474
0.9884958123750369
0.9866819055781307
0.9799976805842681
0.97790855833229
0.9774399324015791
0.9745155702416981
0.9740762670507891
0.9736136426308278
0.9722220110586156
0.9698318494880399
0.9669662450087704
0.9614401963252608
0.9610194783971395
0.9585101946637569
0.9572443073214035
0.95533149526
0.9534596277864492
0.9520458721568913
0.9497415739412538
0.9473505154056595
0.9462179133754457
0.9456127865478622
0.9444032147425636
0.9430237874949735
0.9407202468847627
0.9387439271315096
0.938426613814296
0.9378344389689907
0.9358356938331901
0.9347373481807925
0.9337788934010784
0.9322183079276359
0.932189251971649
0.9321161620057438
0.9317416794884146
0.9313201354605931
0.9300671508389919
0.9276482880233744
0.9270638997234906
0.9257946322707229
0.9253613542778787
0.924658973321565
0.9233004280677533
0.922691575092431
0.9225257712006417
0.9222925259288413
0.9222387234398178
0.9221043863803415
0.9217295598817576
0.9211011529515936
0.9206822351743892
0.9193514621295512
0.9190974021963574
0.9186016996398759
0.9181075399209043
0.9172580524293964
0.9163442670713451
0.9162181747425101
0.9154610794184045
0.9150526171595552
0.9148693803248723
0.9148225726559014
0.9145414561067453
0.9136710655450664
0.9133015681471408
0.9130288218833628
0.9126908062410708
0.9123206038103793
0.911650652032342
0.9116192317874261
0.9113954854409854
0.9110830626951211
0.9110860401308959
