4.413674403994993
1.4371710250815821
1.453962383450648
1.5341822938106955
1.5400081111360422
1.520692378494195
1.452174673677454
1.2007971515092206
1.1828299136881952
1.180058546739664
1.1687662443923281
1.1537492089940604
1.1509029423967083
1.142969856105365
1.1322584146671069
1.1229002688267342
1.1118452673860784
1.1020732170125227
1.0964875930528397
1.0852411101433646
1.0688807949368013
1.0601684969533367
1.0496290139153914
1.0458989390201132
1.037557585368632
1.0322004619160776
1.0310266802112822
1.0300429744894681
1.0257382948352796
1.0187301008343495
1.0117347817887787
1.0096914968162862
1.0051068190378571
1.0035390974842346
1.0012244312814198
0.9962481350785454
0.994982471099769
0.9935062158134098
0.9914982475725918
0.9891946659757462
0.988578760021574
0.9855656424186348
0.9824507215573943
0.9810872023515953
0.9807717853075988
0.9804741394161572
0.9801635155614461
0.9790608577340503
0.9775803711209099
0.9756138457219946
0.9750121172092155
0.9753614049225388
0.9751337173492346
0.9740246233495077
0.9725139908948054
0.9712101406703867
0.969410233962879
0.9675415157531578
0.9660176073676632
0.9660978331655831
0.9660715851795307
0.9658567998332518
0.9654505157055286
0.9642317671052041
0.9625059011589464
0.9615197132175215
0.9598610469439505
0.9591563575106322
0.9587298477764378
0.9563491292926314
0.9573605572941137
0.9564154301546123
0.9563636159482989
0.9564321756629339
0.9560010582130238
0.9547388607700584
0.9535202069737223
0.9526402491297089
0.9522308138151198
0.9520906239681742
0.9518368636478288
0.950862073488939
0.9502439812419452
0.9494554899572079
0.9491805444714053
0.9477249361377765
0.9474681575021284
0.9468836031799147
0.946787141961912
0.9466750860596347
0.946170236014664
0.9460352653793768
0.9452541456463309
0.9446548861061661
0.9441877981920678
0.9437106993042144
0.9431075506185357
0.9425974504188465
0.9414413195925401
0.9412738229136374
