4.439582461360362
1.4166825232925053
1.4262237233851178
1.4622620975121505
1.4560736912559413
1.4274982443356408
1.3061743045333023
1.2102013936986789
1.1866165296261213
1.1578434862363935
1.1257374102623734
1.1130793338281542
1.1093273556517218
1.100736704217657
1.0786521752586273
1.0672628285809347
1.0652285472728626
1.047013064437498
1.0451017878419477
1.041818383512222
1.0400770387871976
1.036455112543219
1.0301580554900187
1.0237862715255384
1.0143429144223644
1.0093860131845496
1.0077214867357942
1.0059820446937855
1.001141958378853
0.9908624212682126
0.9845465721059714
0.9827270592881161
0.9819125717597272
0.9800542021465537
0.9728920912045742
0.970981813381133
0.9682059050887305
0.9658838611958396
0.964852753824603
0.9636994033101924
0.9597855284092238
0.9574971205674269
0.9557835489249948
0.9553642968520204
0.9552258778875913
0.9546463690314905
0.9543736731861716
0.9537943317748845
0.9531708548467211
0.9522636046634675
0.9514413782727322
0.9510564818752274
0.950008344186813
0.9482396239511975
0.9466152109487055
0.9462568664960324
0.9450555310484483
0.9439427659301206
0.9414855680585344
0.9406775002050813
0.9399650575886057
0.9391389054014591
0.9387494985085605
0.9374880596998157
0.9346460426390465
0.9322445183389745
0.931046552099492
0.9293709832303799
0.9292915697038684
0.9290215776079143
0.9281319826333633
0.9266641366442662
0.9258907516071518
0.9253840663935622
0.924499159151602
0.9237841353802824
0.9232849550762788
0.9231177224476078
0.922655856886342
0.9223260089615648
0.9214562894155951
0.921784186525452
0.921635395280191
0.9216160646939076
0.9214043413663537
0.9210242944919205
0.9188080394764295
0.9168982100747263
0.9167657981964356
0.9167657981964356
0.9167657981964356
0.9167544137574841
0.9167100205543438
0.9166628196666646
0.9165661340597393
0.9164453753206564
0.9162762427794637
0.9160985874964959
0.9159445936861986
0.9158610560268116
