4.524992663982071
1.623971517213122
1.5443304995120628
1.3858640519992613
1.2835393612582713
1.1720183594654061
1.1533188926627178
1.1596748668335186
1.147237453109237
1.0783489626096483
1.0485644565826482
1.0426525356914118
1.0388732092623874
1.03115397647412
1.0160127318637904
1.0092703300663985
0.993192047856901
0.9917397088849313
0.9821196786371774
0.9749537124598132
0.9631640019872065
0.9590892693169001
0.9567535635824183
0.949056703038742
0.9467821318711296
0.9430184724189721
0.9414656636789089
0.932962415690728
0.9252460017738785
0.9247694357293539
0.9236782345939878
0.9223466752774697
0.9186839699478007
0.9158079875651288
0.9143521522610957
0.9130016212142898
0.9125934618020408
0.9122791724804974
0.9107770480777763
0.9095844067367285
0.9082678785749623
0.9070966510862896
0.9053961403979982
0.9048383265294215
0.9020291519868187
0.9016870419761445
0.901450640410732
0.9011368710297393
0.9002993856035489
0.9000740959874447
0.8984080347728026
0.8977833041811494
0.8971222590964427
0.8967009024646788
0.8966399493356563
0.8964731556896836
0.8961067011392294
0.895453956024319
0.8948600142206407
0.8942648846803583
0.893975156152502
0.8932774627039313
0.8922509971884095
0.8918563361448227
0.8918191215471417
0.8915904542656047
0.891620387935138
0.8910647190899286
0.8904930100398203
0.8899322982219204
0.8892396907345739
0.8894353164325619
0.8887905021333696
0.888781100981146
0.8886665622920193
0.8886257718244508
0.888350183723567
0.8882358323250962
0.8879581911446998
0.8876389583288209
0.8879158483536844
0.8871472712137063
0.8870483631190393
0.8868466453233926
0.886478560417227
0.8864676478626641
0.8863223252027674
0.8860057481511672
0.8859025327961748
0.8857452858194798
0.8855443414417538
0.885027048853467
0.8848274092161844
0.8846778715286067
0.884600603267686
0.8841273539604508
0.8835698674563176
0.8834096526088733
0.8831387843950076
0.8830708868174301
