4.512459237995747
2.926754365207266
1.45027906339838
1.4166964949412713
1.175410299572081
1.12274597914307
1.0476875687669642
1.0301448014392283
1.0212401995592941
0.9840119110710068
0.977723873884272
0.9752462265029548
0.9733118541020505
0.9710711481727697
0.9662941463213318
0.9584255895794531
0.951191739144366
0.9482899455683331
0.9439531268410716
0.9415288432990409
0.9380411580630587
0.9359246945628792
0.9296457709077857
0.9275696164628471
0.9235003250460608
0.9219412738471994
0.9210536105534515
0.918582412553473
0.9168455266286699
0.9145827702927782
0.9123706111082417
0.9121640076562932
0.9111704101925385
0.9101105787274222
0.9090963859693851
0.9075541236293353
0.9056095039530359
0.9047214993313493
0.9040638207635868
0.9034716471060329
0.9024081221475343
0.9011913904915438
0.9007317306481017
0.9000005111730334
0.8995302917689076
0.899166217081691
0.8979822543586948
0.8972399276017837
0.8959418968518466
0.8977712839668611
0.894864151449131
0.8941963552101554
0.8936456060462826
0.8923299326573638
0.891804207505844
0.8909575140928631
0.8904972076290207
0.8907416829058475
0.8899255427883817
0.8892823100553522
0.8886546056432211
0.8880392089283158
0.8878117937826471
0.8874122366899756
0.8867863737614478
0.8864533695465798
0.8856802488149677
0.8856789315276694
0.884539647431658
0.88432069395057
0.88367942636147
0.8834585413642574
0.8834551993287734
0.8836188520500403
0.8826711966727817
0.8828201560599527
0.8827225861069116
0.8823998613413786
0.881819731960152
0.8809854984268469
0.8809447723199739
0.880375522312988
0.880042838074576
0.8794068747960844
0.8789696858020775
0.8786194595167424
0.8783356513247953
0.8779869090593355
0.8776365536888974
0.8773512693199756
0.8773431322768351
0.8773100908498276
0.8773516897415206
0.8764381136333435
0.8751991592017938
0.874918907078537
0.8744427194155117
0.8741574077743834
0.8740160628857675
0.873869044762019
