4.444959812702883
2.481873672307299
1.4260203193828278
1.407322308847847
1.2510505257571964
1.2059727850287896
1.106520211837729
1.0865678761658217
1.068469262702088
1.0348504521685455
1.0283915575623008
1.020430223337709
1.014817936131523
0.9981620387618382
0.9920724239398147
0.986420246027677
0.9839417406430618
0.9794228822597554
0.9723838192019661
0.9663336206668652
0.9617042133056126
0.9615572566943248
0.9578614048040449
0.9564555408358365
0.9525186659833087
0.9501342348784995
0.9462278571385382
0.9441391756563607
0.9432380852286973
0.9417098447845608
0.9395012476110929
0.9368647724622494
0.9356498944010265
0.9346938329672537
0.9339261839352244
0.9329969021470339
0.932436769608301
0.9314146308014787
0.9300303265835783
0.928432414388697
0.9276152323629503
0.9266719404547904
0.925426287767938
0.9245587385340793
0.922423735505379
0.9212840494658835
0.918317168146315
0.9178270211714941
0.9166014948809983
0.9159546901022251
0.9155917677729969
0.9144885941443636
0.9137172621872185
0.9125735652894009
0.911175438575579
0.9105339113843776
0.909663026760311
0.9071742098804948
0.906451236496874
0.905524253619312
0.9044459794781425
0.9040911450131044
0.9029125504344311
0.9016483735145862
0.8989455627204609
0.8971616714685527
0.8943137793415157
0.8941402868295091
0.8938028244687305
0.8927154510231489
0.8904423100726894
0.8909536110273966
0.8869870650265462
0.8867351981972815
0.8864133667098566
0.8855277338531055
0.8845978327721064
0.8832346902893753
0.8819713122324443
0.8809979127099403
0.8805267414221731
0.8799323511170524
0.879771352678477
0.8790926211742764
0.877760052490396
0.8763126381448256
0.8750314916146488
0.8740778935003508
0.8736502032526375
0.8733140404702178
0.8728527335883686
0.8708105019601017
0.870396672600277
0.8686826066223482
0.8680070244504045
0.8678501902238966
0.8674200932541305
0.8670805078116204
0.8649619793059311
0.862684575085327
