4.413674403994993
2.5309007767782474
1.531860325214651
1.513194639328728
1.33467597000957
1.2692542185286553
1.1425741966250194
1.1226128183174113
1.1030864483926768
1.0690811298273326
1.0683914849133833
1.0644970865594237
1.0635493192078094
1.059413761483102
1.0554810011661848
1.045829951305796
1.0405416993583205
1.0279790399158837
1.0240820028912057
1.0217294591281272
1.0184754632927668
1.0134000980327251
1.009212666335977
1.0099588683293845
1.0065011429778594
1.001118123905653
0.9998993426994025
0.9985008095981968
0.9951465024555513
0.9893567979909248
0.9862959327388243
0.9848480498763649
0.982181191488212
0.9798647510928467
0.9783484095526338
0.9766544225231716
0.9762974272528001
0.9758950605257284
0.975188480519795
0.9727913870922449
0.9684850514249271
0.9672011056489104
0.9616201621590802
0.9615408830408309
0.9612977891744354
0.9602413257433835
0.9600901413502957
0.9579747407107144
0.9574672354937558
0.9554626275362731
0.9534559227108655
0.9526998015120295
0.9515203537797026
0.9493147470520409
0.9484751412700195
0.9475306677921215
0.9473680471189546
0.9469213421258499
0.9465880328924818
0.9463020313449709
0.9456765795049026
0.9446591770964687
0.9430057416002657
0.9428627121716766
0.9426294100119545
0.9422696344881728
0.9416328706347242
0.9413401105064542
0.9411453139625819
0.9409732654405482
0.9406857386304435
0.940080556773155
0.9378687065324768
0.9353250772339796
0.9339301961989211
0.9330832530709993
0.9322564615234881
0.931320639480261
0.9296561014168045
0.9279629805485228
0.9266103158340523
0.926047385445444
0.924853532963329
0.9239498145716631
0.9233624253452302
0.9223361606791782
0.9209082010637881
0.9182306333454904
0.917501056177747
0.9165446829688269
0.9164684790180472
0.9161695959036562
0.9156277404337393
0.9151183002295102
0.9145259315378164
0.9139288136266268
0.9123567589385094
0.909676941187331
0.9096536644253502
0.9098352404909748
