4.525142228866446
2.911517274240351
1.4824080548729552
1.4497252422178735
1.2032349286639328
1.1353475783110185
1.0428701292909197
1.0284058870713344
1.0210033702416514
0.9822239552835186
0.9739502061181369
0.9675245096166571
0.9614037740158031
0.9515785176557933
0.946390152057892
0.9446125889684132
0.9424082597517212
0.9356865983178234
0.9350609100909267
0.9283614499020844
0.9227955268674732
0.9199757073018704
0.9197214068994498
0.9191627769112491
0.9192226465321296
0.9148075929277535
0.9094078382045585
0.9063267949462503
0.905527910986794
0.9044307127046627
0.9039115272669351
0.9012390228732741
0.8985335977093647
0.8975253375788785
0.8984274273801854
0.8973113838798213
0.8969315709173562
0.8961404809325317
0.8951361736569714
0.893430694750402
0.8931349060932166
0.8921072277605274
0.8922551822256459
0.8907544604932713
0.8901497143772731
0.8894278972646906
0.8883090677919573
0.8894914944143126
0.887708203555355
0.887030728211299
0.8861551425248657
0.8861109805446808
0.8858408394389803
0.8855564660514589
0.8847168099971753
0.8842286979421754
0.8834514028998517
0.8831473896947256
0.8821235472552112
0.882079853692259
0.8820746389693573
0.8816398579047501
0.8814613766989983
0.8812816504463189
0.8809908807091468
0.8819158135883899
0.8804277767860859
0.8793444672864408
0.8793237953629005
0.8792968401696934
0.8791355742448751
0.878961097245981
0.878818492455195
0.8785047753908726
0.8780724432694155
0.8779738151009093
0.8775772302835378
0.8773538899219392
0.8770458816054824
0.8767535435669381
0.8764675167187224
0.8765016247530574
0.8760568200369936
0.8757169453140284
0.875437656314491
0.8747415340364021
0.8739640266816922
0.872992947340696
0.8730878863457321
0.8732296685750164
0.8723815592909284
0.8721537651015568
0.8720530437263347
0.8715079857973247
0.8705126623440926
0.8702262415792972
0.8700421732032751
0.8690448016251802
0.8687724044442159
0.8684912346578164
