4.514933275677911
2.9219358989380915
1.4563742690171892
1.423083833858963
1.1816785053318843
1.1250687815572558
1.045697090225286
1.0287363566400172
1.020089052684036
0.9823249010574809
0.9749415127863169
0.9716788508571246
0.9693868177120171
0.9635654658836181
0.9535457546291568
0.9508648527737762
0.9466046991538097
0.9444127559331648
0.9394892451854817
0.9351329336098848
0.9278892934820352
0.9263739253145747
0.9258232075216848
0.9230402654511682
0.9218608971956022
0.9197142195627535
0.9181268439346535
0.9195118175792532
0.9135388917994075
0.911829786390932
0.9095599332696631
0.9095157724800589
0.9067964163732809
0.904770250705708
0.9044601722531967
0.9036499869098155
0.9032954460068903
0.9027766962622648
0.9021657830213329
0.9009981884113893
0.9010021235474006
0.8996718570628802
0.8993489218563464
0.8989987335557986
0.8982403845317796
0.8969198734060532
0.8941757163584201
0.8940333010605358
0.8931816014849092
0.8926793241900032
0.8913539086018222
0.890007227829128
0.8889911030384228
0.888358960296089
0.8885417772159101
0.8882836299164812
0.8858823754292015
0.8839554777449958
0.883420860869472
0.8835760044324582
0.8829383866362525
0.8824431543409348
0.8823981930265211
0.8822432341221729
0.8818938869037578
0.881238571983057
0.8811049375971127
0.8800598855858379
0.8797835641612805
0.8794300850278537
0.8784313449402537
0.8794065422758929
0.8777095913534834
0.8774748463645471
0.8772512729277299
0.8773686769180356
0.8774123455549472
0.8772203424566161
0.8764198957039672
0.8770861078126861
0.8755803516124195
0.875222874030636
0.8748136189846473
0.8743440745088914
0.8743136321689873
0.8742298477728415
0.8741956044493897
0.8738760049386028
0.873776983052103
0.8734002068405489
0.8730603736278021
0.872281457415974
0.8720262661022476
0.8717782031975695
0.8718195873199347
0.8719938967655383
0.8719571826780548
0.8719896116955737
0.8718602194887213
0.8715376101389526
