4.448965223925141
2.526043306955848
1.4584383825786453
1.4391151990310151
1.2661250640288335
1.2105307772285532
1.1045281970347427
1.084308158926343
1.0639585581713042
1.0353185141411185
1.0321034741897661
1.0294012807818669
1.0271316117372735
1.0245031559976083
1.0191757553368805
1.0108032573988135
0.9967917560407502
0.9964477908687297
0.9937055965178823
0.9877944374484398
0.9822926433316915
0.9744081990961423
0.9700469734976895
0.9719077810238884
0.9668487426509103
0.9650691650810134
0.9597774742757114
0.9580343957550866
0.954267102670919
0.9517698978377025
0.9519652342614265
0.9505821696084594
0.9501403442557275
0.9495614570902625
0.9483500242091729
0.9463302087898121
0.942369632332194
0.9396986506495169
0.9382116669659173
0.9376218886781669
0.9369143932377296
0.9353429308212868
0.9331904944204727
0.9297751592678243
0.9295718324681042
0.9282358211231051
0.9272308254618723
0.9268180873110271
0.9252109844643078
0.9239935048476441
0.922803400190232
0.9229463804715192
0.9200779930782352
0.9196687238427066
0.9193392390435985
0.9188179338726783
0.9175670978969891
0.9163336356033825
0.9147418436057368
0.9141863642609961
0.9127293446219771
0.912641414980961
0.9124802840835341
0.9119138662048042
0.9110185971680408
0.9090773386271217
0.9072577392665504
0.9077245496200478
0.9046883899279111
0.9041484636745131
0.9020715933306609
0.8992023667349
0.8995111924984737
0.8977076050808925
0.8958490796606533
0.8956100954884104
0.8953990088116128
0.8947735486362941
0.8941182718677386
0.8939081807122145
0.8931783699088096
0.8923944984453306
0.8921164164498139
0.8918599388995169
0.8915111986808192
0.8902452232570403
0.8887441177385721
0.8880101575246477
0.8875803971807591
0.8868623816379384
0.884601769781981
0.8840106530783516
0.8815901431122494
0.8809377031548875
0.8804551041133796
0.8801355920786094
0.8797293956753126
0.8786732620064982
0.8784345248172934
0.8781429426182639
