4.507629935183667
2.7983504607284515
1.4726095535164474
1.4436102696518953
1.2212565146650411
1.157808211885595
1.0582446141997843
1.0412270273879833
1.0306950989783454
0.993679126624721
0.9879242808830295
0.9848812087728918
0.9820120255745638
0.9768798977835378
0.9696528495949692
0.9659795267458544
0.9583195732678407
0.9558152022398773
0.95164278675534
0.9423820361286697
0.9366959875225769
0.9323568916714529
0.9317972601556771
0.9288175951687399
0.9282871400124929
0.9272285157380673
0.9246472596308261
0.918242931664916
0.9166025749136111
0.9158252489780154
0.9131070992749106
0.911718662147418
0.9106653062509026
0.9076939964046657
0.9073731034740801
0.9069177691102329
0.9060425619015968
0.9055070721315017
0.904959740368359
0.9038101184185557
0.9022570652073576
0.9020954627966742
0.9003197011787719
0.8995548899323419
0.8991848050506046
0.8986830634406896
0.8974408526279268
0.8961663088057354
0.8950069672840627
0.8959100283046508
0.893969536144854
0.8936674731981215
0.892549187102594
0.8916981738985446
0.8920981946820776
0.8907865670179873
0.890159529665413
0.8893327112625465
0.8883878289305251
0.8884168166557187
0.8875304836274668
0.8871603583772985
0.886827964520317
0.8860992086533925
0.8858615175837176
0.8860011639414358
0.8848964285832799
0.8846265291564503
0.8843074722932426
0.8833082571872883
0.8826846516610077
0.8814552230566612
0.8802390505270129
0.8796277363164284
0.8794281914766535
0.8784272416510797
0.8775526928242559
0.8769459630597447
0.8770478483117439
0.8767399846024241
0.8766591241603664
0.876550592706796
0.8762839387428968
0.8759655912162689
0.8752850383456474
0.8749199755932118
0.8744782702429655
0.874363603530174
0.8741642769220844
0.873692649321374
0.872580195357488
0.8722869149619511
0.8708213590146341
0.8700544904737838
0.8694440627978777
0.8688854338168247
0.8685747341003929
0.8685341270075332
0.8682100190704276
0.8678734703055176
