4.524992663982071
2.92136305853411
1.4735359986251382
1.4399443513931192
1.190505014205633
1.1278760573080797
1.041758758155063
1.0267117283840177
1.0192414607135178
0.9842032132302028
0.9754909138802936
0.9714813626571343
0.9663379864976323
0.9553078434857579
0.9527514342860752
0.9490527438301075
0.9414444903450099
0.9395316329686985
0.9361828425789905
0.9329121696519992
0.9282477707030657
0.924839648839274
0.9199757645698582
0.9171360544585019
0.916654891353187
0.9159698543705928
0.9151079417605369
0.9138501628001209
0.9127493268067756
0.9113539468443362
0.9088512536974548
0.9094714186138865
0.907650827344227
0.9063455175234891
0.9050535213469421
0.9052365655246112
0.9020915875354912
0.9009907593213276
0.8999998271000816
0.8987229862342199
0.8981340441513442
0.897388392727353
0.8967868872152632
0.8955655744139894
0.8956432359678074
0.8938953141227965
0.8936222766010251
0.8923109907512403
0.8915506840328893
0.8912930308595545
0.8909102364982349
0.8897930683351304
0.8899764517517708
0.8892318659915985
0.8887335598094704
0.888073556194299
0.8876808130400743
0.8885506328331735
0.886995105271727
0.8876722303036668
0.8861127428902955
0.885757237969118
0.8853293456759821
0.8842267161226032
0.883225755000202
0.8830929245740394
0.8822785842635008
0.8818698218888574
0.8815428109736528
0.881032590250005
0.8806069076736679
0.8801998964086303
0.879818752079728
0.8792771911862808
0.8793754198736164
0.8789000014709388
0.8785740844921878
0.8782812316345862
0.8780352209241951
0.8778999253340641
0.8777949096338716
0.8777735633869533
0.8777202352171435
0.877610129787891
0.8774827053683327
0.877311299905887
0.8768398617167713
0.8770427658776204
0.876456848852614
0.8759644579808292
0.8758548006861817
0.8752120275336144
0.8751257789414381
0.8755054609455903
0.874927787170556
0.8746963372672294
0.8745053749747028
0.8739983992260232
0.8749649394606923
0.8736243757998589
