4.439582461360362
2.4980369409928755
1.4613681757621477
1.4418329850292881
1.2684255439748175
1.2169653591503002
1.11203230161192
1.0914904367251663
1.0721045192124563
1.0403985733521206
1.0353625706371452
1.0310953456883685
1.0274758413379896
1.0202732452055532
1.010099960223072
0.9998187208880694
0.9966620723114686
0.9937721777465417
0.9833048199214649
0.9790218075065552
0.9762042185389512
0.9710919322430203
0.9642878770087435
0.964690365870512
0.9588840972122045
0.9579503179449411
0.9567756417740726
0.9538165285912416
0.9510980421955499
0.9483529874281319
0.9461358074877438
0.9437788491847857
0.9424754080963379
0.9404755048369895
0.9398254328723676
0.9378242322055446
0.9329968042684395
0.9328906797712033
0.9298544964576263
0.9277838978932308
0.9266538371494387
0.9253606903212276
0.924082294800654
0.9226204451006759
0.9221200999477134
0.9201857331995067
0.9196522896156776
0.9170025289018003
0.9140850370115017
0.9129062815491313
0.9113864883037356
0.9110455944305134
0.9101312753221742
0.9080593036316463
0.9064393327321748
0.9051587808138132
0.9038249125861054
0.9028094029886975
0.9016762662118016
0.9008880878206406
0.8991147149131027
0.8971916610368468
0.8955007979898365
0.8943359635876044
0.8937335961821401
0.8934562657753754
0.8927205204043442
0.8917939836800146
0.8904287541401025
0.8888938265994515
0.8879322940280461
0.8875009467081206
0.8872730977978935
0.8867211534828724
0.8855137958939326
0.8840092702971585
0.8834376178967649
0.8822358737472127
0.8815953425216813
0.880667667414829
0.8800918955159159
0.8785380931398693
0.8770533205353567
0.8759704294554365
0.875670656936765
0.8747519116025884
0.8728563303923506
0.8715373372890364
0.8705657338639968
0.8701082025396494
0.8701653767276702
0.8701501943449051
0.8698976406693432
0.8692154018021202
0.8677094747004082
0.8669013151883269
0.8662486040198679
0.8656539696061764
0.8654189764027669
0.8649436044656001
