5.0
3.4162030016934084
1.451267906878327
1.4079963644092484
1.0044238402609034
0.8564482408756852
0.5940838470124497
0.5114986659802585
0.4606476418264845
0.5408033962070798
0.5293856077989083
0.5646326257747006
0.5940389271645639
0.6173784306914658
0.6442077308727763
0.6688262774759844
0.7378269413740234
0.6974071420943487
0.698445736049756
0.6593403612498796
0.6296372722235495
0.5625212080573999
0.5446515163207514
0.5902182689472987
0.5671939272752977
0.5679496201098534
0.5733548811282356
0.6052421519262354
0.5666032956540387
0.5462553222787034
0.4880168305880574
0.5057285739855031
0.5123132840568071
0.5160175089305342
0.5128357557796923
0.4992196228538399
0.45367661058863823
0.42834926313391236
0.38262129968528336
0.40172360892426584
0.41171460930095477
0.42029938016327
0.4188744460339239
0.45016263487332414
0.46938381215326
0.4530103763362044
0.46298017215340836
0.4762330438125832
0.49287654957780846
0.5046283075529865
0.535404289620462
0.49498311385823585
0.5170073886250478
0.5160381097573832
0.5064713818444044
0.4623972557777289
0.46226542855292185
0.4584691418759844
0.4556058634183684
0.4268029274860931
0.4410730549604845
0.4514930947726065
0.45851076618536196
0.45359902061077684
0.45644186011077786
0.46330647814672776
0.4316870059587381
0.43908075589607176
0.44373587179746843
0.4514463591688787
0.4541277656120488
0.4710840187483915
0.5018277845284256
0.4898466575753932
0.48776032129904373
0.4920589269720382
0.5048532176755992
0.5444294861353607
0.5600709781967766
0.5572063030116599
0.5537582681886312
0.5576228111364462
0.5630899814904153
0.5806346351660914
0.5667480592802546
0.5696576926527318
0.5696966955570204
0.5673999966953635
0.5589497702137094
0.543619874883217
0.553609670742415
0.5428858924093515
0.5421244532403691
0.5441786043656062
0.5517001914099479
0.5678950813539153
0.5773826765662202
0.5693007029643227
0.5800542166808142
0.5715100979682657
